-9.000015854835510254e-01,-2.570705071036627487e-08,0.000000000000000000e+00
-9.000018239021301270e-01,-2.244851060595465242e-08,4.800156131386756897e-02
-9.000024199485778809e-01,-2.244214947211276012e-08,9.600289911031723022e-02
-9.000018239021301270e-01,-2.221513994982160511e-08,1.440353989601135254e-01
-9.000020027160644531e-01,-2.219731065622454480e-08,1.920817047357559204e-01
-9.000017046928405762e-01,-2.202978066634386778e-08,2.401068061590194702e-01
-9.000021219253540039e-01,-2.190864023532412830e-08,2.881254851818084717e-01
-9.000021219253540039e-01,-2.191882053637073113e-08,3.361355960369110107e-01
-9.000021219253540039e-01,-2.170071944362916838e-08,3.841185867786407471e-01
-9.000021815299987793e-01,-2.171599966516168934e-08,4.321016073226928711e-01
-9.000025987625122070e-01,-2.155448086682554276e-08,4.800670146942138672e-01
-9.000018835067749023e-01,-2.142387955927915755e-08,5.280144214630126953e-01
-9.000018835067749023e-01,-2.153429079498891952e-08,5.759847164154052734e-01
-9.000018835067749023e-01,-2.124506970346828894e-08,6.239331960678100586e-01
-9.000008702278137207e-01,-2.095820939018722129e-08,6.719208955764770508e-01
-9.000024795532226562e-01,-2.099804952138129011e-08,7.199615836143493652e-01
-9.000025987625122070e-01,-2.099987028714167536e-08,7.679836153984069824e-01
-9.000018239021301270e-01,-2.115121056078805850e-08,8.159859776496887207e-01
-9.000018835067749023e-01,-2.108881957951780350e-08,8.639755845069885254e-01
-9.000018835067749023e-01,-2.120778042069559888e-08,9.119548201560974121e-01
-9.000027179718017578e-01,-2.118139974527366576e-08,9.599546790122985840e-01
-9.000027775764465332e-01,-2.113793051705670223e-08,1.007925987243652344e+00
-9.000024199485778809e-01,-2.122106046442695515e-08,1.055904984474182129e+00
-9.000012874603271484e-01,-2.106352958719526214e-08,1.103909969329833984e+00
-9.000024795532226562e-01,-2.114956920706845267e-08,1.151927947998046875e+00
-9.000024795532226562e-01,-2.111483077271714137e-08,1.199939966201782227e+00
-9.000024199485778809e-01,-2.107081087387996376e-08,1.247969031333923340e+00
-9.000031948089599609e-01,-2.127744913593687670e-08,1.295963048934936523e+00
-9.000030159950256348e-01,-2.136147969622470555e-08,1.343899965286254883e+00
-9.000025987625122070e-01,-2.144916066981750191e-08,1.391886949539184570e+00
-9.000027179718017578e-01,-2.085380046423779277e-08,1.439921975135803223e+00
-9.000027775764465332e-01,-2.061696946498159377e-08,1.487930059432983398e+00
-9.000036120414733887e-01,-2.094821027753823728e-08,1.535920977592468262e+00
-9.000027775764465332e-01,-2.085834971410349681e-08,1.583948016166687012e+00
-9.000024199485778809e-01,-2.070155069588963670e-08,1.631950020790100098e+00
-9.000008702278137207e-01,-2.062897941357277887e-08,1.679985046386718750e+00
-9.000024795532226562e-01,-2.060295933858924400e-08,1.728023052215576172e+00
-9.000027775764465332e-01,-2.070282967281400488e-08,1.776028037071228027e+00
-9.000025987625122070e-01,-2.055604042539016518e-08,1.824059963226318359e+00
-9.000034928321838379e-01,-2.066263071753837721e-08,1.872095942497253418e+00
-9.000034928321838379e-01,-2.061769954764258728e-08,1.920138001441955566e+00
-9.000036120414733887e-01,-2.055931069833150104e-08,1.968186974525451660e+00
-9.000024199485778809e-01,-2.066481030738032132e-08,2.016227006912231445e+00
-9.000027775764465332e-01,-2.046800062771580997e-08,2.064260005950927734e+00
-9.000030159950256348e-01,-2.049164038453454850e-08,2.112297058105468750e+00
-9.000037908554077148e-01,-2.047326930210147111e-08,2.160321950912475586e+00
-9.000012278556823730e-01,-2.038322932662595122e-08,2.208350896835327148e+00
-9.000023007392883301e-01,-2.046471969663343771e-08,2.256386041641235352e+00
-9.000024199485778809e-01,-2.032757073777702317e-08,2.304403066635131836e+00
-9.000024795532226562e-01,-2.035721990978345275e-08,2.352422952651977539e+00
-9.000027179718017578e-01,-2.031810986125037743e-08,2.400439977645874023e+00
-9.000027775764465332e-01,-2.022589029593291343e-08,2.448443889617919922e+00
-9.000027775764465332e-01,-2.033556967262484250e-08,2.496464967727661133e+00
-9.000027775764465332e-01,-2.018533074021888751e-08,2.544462919235229492e+00
-9.000030159950256348e-01,-2.023097955827779515e-08,2.592468023300170898e+00
-9.000033140182495117e-01,-2.017150002586731716e-08,2.640464067459106445e+00
-9.000046849250793457e-01,-2.007399935166631622e-08,2.688451051712036133e+00
-9.000030159950256348e-01,-2.023353040669917391e-08,2.736450910568237305e+00
-9.000027179718017578e-01,-2.005418053840912762e-08,2.784431934356689453e+00
-9.000030755996704102e-01,-2.010001054486565408e-08,2.832423925399780273e+00
-9.000036120414733887e-01,-2.005999988341500284e-08,2.880407094955444336e+00
-9.000037908554077148e-01,-1.996959042571688769e-08,2.928376913070678711e+00
-9.000030159950256348e-01,-2.007745969478946790e-08,2.976363897323608398e+00
-9.000030159950256348e-01,-1.989683084957505343e-08,3.024327039718627930e+00
-9.000030159950256348e-01,-1.996485998745356483e-08,3.072293996810913086e+00
-9.000033140182495117e-01,-1.996541065807377890e-08,3.120270013809204102e+00
-9.000040888786315918e-01,-1.986954956123554439e-08,3.168226003646850586e+00
-9.000030755996704102e-01,-1.995030984858203738e-08,3.216191053390502930e+00
-9.000024199485778809e-01,-1.979988084599426656e-08,3.264142990112304688e+00
-9.000030755996704102e-01,-1.987628017730003194e-08,3.312103033065795898e+00
-9.000031948089599609e-01,-1.983534936300657137e-08,3.360055923461914062e+00
-9.000027179718017578e-01,-1.978859920370723557e-08,3.408010005950927734e+00
-9.000027179718017578e-01,-1.986500031136984035e-08,3.455967903137207031e+00
-9.000018835067749023e-01,-1.971583962756540132e-08,3.503909111022949219e+00
-9.000020027160644531e-01,-1.978587960138611379e-08,3.551882028579711914e+00
-9.000018835067749023e-01,-1.975895003170080599e-08,3.599824905395507812e+00
-9.000018835067749023e-01,-1.969402063650704804e-08,3.647759914398193359e+00
-9.000012278556823730e-01,-1.974112961988794268e-08,3.695714950561523438e+00
-9.000024199485778809e-01,-1.961871021194383502e-08,3.743654012680053711e+00
-9.000024795532226562e-01,-1.967491947141297715e-08,3.791625976562500000e+00
-9.000021815299987793e-01,-1.962981066583324719e-08,3.839593887329101562e+00
-9.000018835067749023e-01,-1.955777051421137003e-08,3.887573003768920898e+00
-9.000015854835510254e-01,-1.961744011680366384e-08,3.935554981231689453e+00
-9.000027179718017578e-01,-1.950721006949152070e-08,3.983544111251831055e+00
-9.000025987625122070e-01,-1.957486972514743684e-08,4.031524181365966797e+00
-9.000018835067749023e-01,-1.956722961438117636e-08,4.079526901245117188e+00
-9.000021219253540039e-01,-1.951847927728067589e-08,4.127519130706787109e+00
-8.999999761581420898e-01,-1.954976980300671130e-08,4.175515174865722656e+00
-9.000018835067749023e-01,-1.944354011129689752e-08,4.223519802093505859e+00
-9.000015258789062500e-01,-1.945863914443179965e-08,4.271522998809814453e+00
-9.000018835067749023e-01,-1.944773053708104271e-08,4.319528102874755859e+00
-9.000018239021301270e-01,-1.938079030594508367e-08,4.367543220520019531e+00
-9.000012278556823730e-01,-1.945100081002237857e-08,4.415548801422119141e+00
-9.000020027160644531e-01,-1.934603943709589657e-08,4.463581085205078125e+00
-9.000018239021301270e-01,-1.939734062261777581e-08,4.511586189270019531e+00
-9.000012278556823730e-01,-1.934786020285628183e-08,4.559625148773193359e+00
-9.000015258789062500e-01,-1.929366000297250139e-08,4.607635021209716797e+00
-9.000023007392883301e-01,-1.935677929054691049e-08,4.655632972717285156e+00
-9.000008106231689453e-01,-1.924509085426961974e-08,4.703661918640136719e+00
-9.000024199485778809e-01,-1.930657056448126241e-08,4.751646995544433594e+00
-9.000011086463928223e-01,-1.923963033334530337e-08,4.799665927886962891e+00
-9.000008702278137207e-01,-1.918252046095858532e-08,4.847681999206542969e+00
-9.000012278556823730e-01,-1.928692938690801384e-08,4.895670890808105469e+00
-9.000012278556823730e-01,-1.914522940182905586e-08,4.943696975708007812e+00
-9.000015854835510254e-01,-1.923399040038020757e-08,4.991693973541259766e+00
-9.000018835067749023e-01,-1.919942960171283630e-08,5.039704799652099609e+00
-9.000024795532226562e-01,-1.913904057460058539e-08,5.087712764739990234e+00
-9.000015854835510254e-01,-1.920870928984186321e-08,5.135706901550292969e+00
-9.000030755996704102e-01,-1.909192981486285134e-08,5.183730125427246094e+00
-9.000021219253540039e-01,-1.916177971850174799e-08,5.231718063354492188e+00
-9.000024199485778809e-01,-1.910538927063498704e-08,5.279723167419433594e+00
-9.000025987625122070e-01,-1.905337043694999011e-08,5.327737808227539062e+00
-9.000012874603271484e-01,-1.910703062435459287e-08,5.375714778900146484e+00
-9.000024199485778809e-01,-1.899898016688439384e-08,5.423746109008789062e+00
-9.000021815299987793e-01,-1.907046964788605692e-08,5.471765995025634766e+00
-9.000018239021301270e-01,-1.901807955562162533e-08,5.519776821136474609e+00
-9.000015854835510254e-01,-1.896568946335719374e-08,5.567821979522705078e+00
-9.000012278556823730e-01,-1.904099988792040676e-08,5.615859031677246094e+00
-9.000021219253540039e-01,-1.890257017578278464e-08,5.663897991180419922e+00
-9.000021219253540039e-01,-1.898733970051580400e-08,5.711948871612548828e+00
-9.000018835067749023e-01,-1.894949974712289986e-08,5.760001182556152344e+00
-9.000017046928405762e-01,-1.889057088533263595e-08,5.808055877685546875e+00
-9.000021219253540039e-01,-1.899753065970344323e-08,5.856120109558105469e+00
-9.000014066696166992e-01,-1.884490963277585251e-08,5.904152870178222656e+00
-9.000020027160644531e-01,-1.891675971421591385e-08,5.952195167541503906e+00
-9.000021219253540039e-01,-1.888657052973030659e-08,6.000213146209716797e+00
-9.000021219253540039e-01,-1.881980971063512698e-08,6.048243045806884766e+00
-9.000024795532226562e-01,-1.893658918561413884e-08,6.096267223358154297e+00
-9.000024795532226562e-01,-1.877925015492110106e-08,6.144301891326904297e+00
-9.000024199485778809e-01,-1.883872968733157904e-08,6.192337036132812500e+00
-9.000021815299987793e-01,-1.882454014889844984e-08,6.240369796752929688e+00
-9.000018835067749023e-01,-1.874304977889096335e-08,6.288386821746826172e+00
-9.000017046928405762e-01,-1.885218914310371474e-08,6.336417198181152344e+00
-9.000012278556823730e-01,-1.869394061770890403e-08,6.384431838989257812e+00
-9.000021219253540039e-01,-1.875704924714227673e-08,6.432453155517578125e+00
-9.000024199485778809e-01,-1.873377009076193644e-08,6.480475902557373047e+00
-9.000030755996704102e-01,-1.865356047403565753e-08,6.528488159179687500e+00
-9.000018835067749023e-01,-1.878743027816653921e-08,6.576515197753906250e+00
-9.000024199485778809e-01,-1.863008947111666203e-08,6.624526023864746094e+00
-9.000024795532226562e-01,-1.868775001412359416e-08,6.672544956207275391e+00
-9.000018239021301270e-01,-1.866118992666088161e-08,6.720553874969482422e+00
-9.000025987625122070e-01,-1.858388998243754031e-08,6.768554210662841797e+00
-9.000021815299987793e-01,-1.872376920175611303e-08,6.816572189331054688e+00
-9.000021219253540039e-01,-1.855715048293404834e-08,6.864566802978515625e+00
-9.000027179718017578e-01,-1.861772069844391808e-08,6.912569046020507812e+00
-9.000021219253540039e-01,-1.861116949442020996e-08,6.960569858551025391e+00
-9.000024795532226562e-01,-1.850767006317255436e-08,7.008557796478271484e+00
-9.000024199485778809e-01,-1.863572940408175782e-08,7.056560993194580078e+00
-9.000021219253540039e-01,-1.848930075709631637e-08,7.104548931121826172e+00
-9.000017046928405762e-01,-1.853059039547133580e-08,7.152551174163818359e+00
-9.000021219253540039e-01,-1.852222020204408182e-08,7.200548171997070312e+00
-9.000018239021301270e-01,-1.844163932673836825e-08,7.248529911041259766e+00
-9.000027775764465332e-01,-1.857696929619123694e-08,7.296526908874511719e+00
-9.000018239021301270e-01,-1.841999974772079440e-08,7.344501018524169922e+00
-9.000021219253540039e-01,-1.848438913043537468e-08,7.392495155334472656e+00
-9.000020027160644531e-01,-1.848711939089753287e-08,7.440483093261718750e+00
-9.000024199485778809e-01,-1.840854046974982339e-08,7.488460063934326172e+00
-9.000018835067749023e-01,-1.853677922269980627e-08,7.536458015441894531e+00
-9.000024199485778809e-01,-1.836306040559065877e-08,7.584426879882812500e+00
-9.000020027160644531e-01,-1.843308972127033485e-08,7.632406234741210938e+00
-8.999996781349182129e-01,-1.841818075831724855e-08,7.680381774902343750e+00
-9.000021815299987793e-01,-1.832776952426229400e-08,7.728349208831787109e+00
-9.000021219253540039e-01,-1.846584041231835727e-08,7.776331901550292969e+00
-9.000023007392883301e-01,-1.829011964105120569e-08,7.824292182922363281e+00
-9.000018835067749023e-01,-1.837416085948007094e-08,7.872271060943603516e+00
-9.000027179718017578e-01,-1.836015073308772116e-08,7.920247077941894531e+00
-9.000025987625122070e-01,-1.826501971891048015e-08,7.968204975128173828e+00
-9.000021219253540039e-01,-1.838452945435165020e-08,8.016182899475097656e+00
-9.000021219253540039e-01,-1.825847029124361143e-08,8.064138412475585938e+00
-9.000025987625122070e-01,-1.832741070018073515e-08,8.112114906311035156e+00
-9.000028967857360840e-01,-1.827993045822040585e-08,8.160080909729003906e+00
-9.000027179718017578e-01,-1.823499928832461592e-08,8.208045005798339844e+00
-9.000021219253540039e-01,-1.834177965065464377e-08,8.256017684936523438e+00
-9.000018835067749023e-01,-1.819025996496748121e-08,8.303975105285644531e+00
-9.000024199485778809e-01,-1.827756967998084292e-08,8.351938247680664062e+00
-9.000023007392883301e-01,-1.823810080736620876e-08,8.399889945983886719e+00
-9.000025987625122070e-01,-1.816314920688455459e-08,8.447833061218261719e+00
-9.000024199485778809e-01,-1.826611040200987190e-08,8.495788574218750000e+00
-9.000018835067749023e-01,-1.813332062283734558e-08,8.543725967407226562e+00
-9.000014066696166992e-01,-1.820517070427740691e-08,8.591669082641601562e+00
-9.000027179718017578e-01,-1.816806971532969328e-08,8.639611244201660156e+00
-9.000030755996704102e-01,-1.811586081146288052e-08,8.687577247619628906e+00
-9.000025987625122070e-01,-1.819607930997335643e-08,8.735526084899902344e+00
-9.000018835067749023e-01,-1.810622052289545536e-08,8.783482551574707031e+00
-9.000028967857360840e-01,-1.816570005530593335e-08,8.831444740295410156e+00
-9.000028967857360840e-01,-1.814587058390770835e-08,8.879384040832519531e+00
-9.000028967857360840e-01,-1.810930960743917240e-08,8.927358627319335938e+00
-9.000025987625122070e-01,-1.814423988832913892e-08,8.975297927856445312e+00
-9.000025987625122070e-01,-1.804164995178325626e-08,9.023244857788085938e+00
-9.000021219253540039e-01,-1.806674987392398180e-08,9.071214675903320312e+00
-9.000023007392883301e-01,-1.810439975713507010e-08,9.119152069091796875e+00
-9.000005125999450684e-01,-1.808949079418198380e-08,9.167131423950195312e+00
-9.000021219253540039e-01,-1.810568051041627768e-08,9.215070724487304688e+00
-9.000030755996704102e-01,-1.802654914229151473e-08,9.263046264648437500e+00
-9.000024795532226562e-01,-1.804236937630321336e-08,9.311015129089355469e+00
-9.000027775764465332e-01,-1.802908933257185708e-08,9.358939170837402344e+00
-9.000017046928405762e-01,-1.796360926675788505e-08,9.406923294067382812e+00
-9.000021815299987793e-01,-1.801035942605722084e-08,9.454887390136718750e+00
-9.000020027160644531e-01,-1.796779969254203024e-08,9.502867698669433594e+00
-9.000024199485778809e-01,-1.797961957095139951e-08,9.550857543945312500e+00
-9.000012874603271484e-01,-1.799817006542525633e-08,9.598796844482421875e+00
-9.000012278556823730e-01,-1.794941972832475585e-08,9.646772384643554688e+00
-9.000021815299987793e-01,-1.798306925593351480e-08,9.694732666015625000e+00
-9.000014066696166992e-01,-1.793869053301477834e-08,9.742732048034667969e+00
-9.000023007392883301e-01,-1.796469994985727681e-08,9.790728569030761719e+00
-9.000017046928405762e-01,-1.796034077017338859e-08,9.838706970214843750e+00
-9.000015854835510254e-01,-1.789504011640019598e-08,9.886718750000000000e+00
-9.000024795532226562e-01,-1.792959913871072786e-08,9.934718132019042969e+00
-9.000021219253540039e-01,-1.786665926317709818e-08,9.982702255249023438e+00
-9.000011086463928223e-01,-1.787594072766296449e-08,1.003071022033691406e+01
-9.000012278556823730e-01,-1.790085946140607120e-08,1.007870006561279297e+01
-9.000024199485778809e-01,-1.782555081319969759e-08,1.012670993804931641e+01
-9.000033736228942871e-01,-1.785575065582634124e-08,1.017471981048583984e+01
-9.000018835067749023e-01,-1.782172986963814765e-08,1.022272014617919922e+01
-9.000027179718017578e-01,-1.784265002413576440e-08,1.027071952819824219e+01
-9.000021219253540039e-01,-1.787685022236473742e-08,1.031871986389160156e+01
-9.000015854835510254e-01,-1.779626046527482686e-08,1.036674022674560547e+01
-9.000018835067749023e-01,-1.782245995229914115e-08,1.041473960876464844e+01
-9.000024199485778809e-01,-1.777553038095902593e-08,1.046275997161865234e+01
-9.000015258789062500e-01,-1.779299019233349100e-08,1.051078033447265625e+01
-9.000018835067749023e-01,-1.781737068995425943e-08,1.055879020690917969e+01
-9.000024199485778809e-01,-1.777079994269570307e-08,1.060680961608886719e+01
-9.000027775764465332e-01,-1.779936020795958029e-08,1.065482997894287109e+01
-9.000021815299987793e-01,-1.773168989416262775e-08,1.070281982421875000e+01
-9.000018239021301270e-01,-1.775915947632711323e-08,1.075084018707275391e+01
-9.000020027160644531e-01,-1.776843028267194313e-08,1.079885959625244141e+01
-9.000023007392883301e-01,-1.769621960079348355e-08,1.084687042236328125e+01
-9.000024199485778809e-01,-1.773351065992301301e-08,1.089488029479980469e+01
-9.000024199485778809e-01,-1.767348045689232094e-08,1.094289016723632812e+01
-9.000024795532226562e-01,-1.769640078919110238e-08,1.099090003967285156e+01
-9.000024795532226562e-01,-1.771913993309226498e-08,1.103890991210937500e+01
-9.000021815299987793e-01,-1.765693014021962881e-08,1.108691978454589844e+01
-9.000021815299987793e-01,-1.768894009046562132e-08,1.113492965698242188e+01
-9.000021219253540039e-01,-1.764109924806689378e-08,1.118292999267578125e+01
-9.000018239021301270e-01,-1.765710955226040824e-08,1.123095035552978516e+01
-9.000015854835510254e-01,-1.767802970675802499e-08,1.127896022796630859e+01
-9.000015258789062500e-01,-1.762201051747069869e-08,1.132695960998535156e+01
-9.000018239021301270e-01,-1.764511026181025954e-08,1.137497997283935547e+01
-9.000024795532226562e-01,-1.759780943189070967e-08,1.142298030853271484e+01
-9.000015258789062500e-01,-1.763310031321907445e-08,1.147101020812988281e+01
-9.000025987625122070e-01,-1.763127954745868919e-08,1.151900959014892578e+01
-9.000015854835510254e-01,-1.758563072939978156e-08,1.156700992584228516e+01
-9.000021219253540039e-01,-1.760908929782090127e-08,1.161503028869628906e+01
-9.000014066696166992e-01,-1.753324063713534997e-08,1.166304969787597656e+01
-9.000021815299987793e-01,-1.756544065756315831e-08,1.171105957031250000e+01
-9.000018835067749023e-01,-1.756342982162095723e-08,1.175907993316650391e+01
-9.000018835067749023e-01,-1.752433043122891831e-08,1.180706977844238281e+01
-9.000021219253540039e-01,-1.757489087594876764e-08,1.185507965087890625e+01
-9.000015854835510254e-01,-1.750104061670754163e-08,1.190307998657226562e+01
-9.000015258789062500e-01,-1.752941969357380003e-08,1.195110034942626953e+01
-9.000015854835510254e-01,-1.754870027070865035e-08,1.199909973144531250e+01
-9.000014066696166992e-01,-1.751232048263773322e-08,1.204710960388183594e+01
-9.000012278556823730e-01,-1.756088963134061487e-08,1.209510040283203125e+01
-9.000012874603271484e-01,-1.749321931754366233e-08,1.214311027526855469e+01
-8.999999165534973145e-01,-1.750976963421635446e-08,1.219112014770507812e+01
-9.000021815299987793e-01,-1.749394940020465583e-08,1.223913002014160156e+01
-9.000017046928405762e-01,-1.747558009412841784e-08,1.228713035583496094e+01
-9.000018835067749023e-01,-1.751396006000049965e-08,1.233514022827148438e+01
-9.000012278556823730e-01,-1.744665922842614236e-08,1.238317966461181641e+01
-9.000015854835510254e-01,-1.747612010660759552e-08,1.243118953704833984e+01
-9.000012278556823730e-01,-1.745502054006919934e-08,1.247922039031982422e+01
-9.000021219253540039e-01,-1.741391031373495935e-08,1.252725028991699219e+01
-9.000018239021301270e-01,-1.745283917387041583e-08,1.257524967193603516e+01
-9.000009894371032715e-01,-1.738061961020775925e-08,1.262329006195068359e+01
-9.000008106231689453e-01,-1.743591937497512845e-08,1.267133045196533203e+01
-9.000012874603271484e-01,-1.744228939060121775e-08,1.271938037872314453e+01
-9.000021815299987793e-01,-1.739718058502148779e-08,1.276737976074218750e+01
-9.000015854835510254e-01,-1.747211975100526615e-08,1.281538009643554688e+01
-9.000005722045898438e-01,-1.738263044614996033e-08,1.286340999603271484e+01
-9.000015854835510254e-01,-1.742028032936104864e-08,1.291143035888671875e+01
-9.000012278556823730e-01,-1.742736976950709504e-08,1.295944976806640625e+01
-9.000015258789062500e-01,-1.735915944323096483e-08,1.300747966766357422e+01
-9.000012874603271484e-01,-1.741372912533734052e-08,1.305552005767822266e+01
-9.000012874603271484e-01,-1.731405063765123487e-08,1.310356998443603516e+01
-9.000009894371032715e-01,-1.736879973179838998e-08,1.315161991119384766e+01
-9.000008702278137207e-01,-1.733624088728902279e-08,1.319966983795166016e+01
-9.000018239021301270e-01,-1.728657927912990999e-08,1.324771022796630859e+01
-9.000015258789062500e-01,-1.738771970849484205e-08,1.329576015472412109e+01
-9.000018835067749023e-01,-1.728295018210701528e-08,1.334381008148193359e+01
-9.000018239021301270e-01,-1.734625065807904321e-08,1.339183044433593750e+01
-9.000008106231689453e-01,-1.730441034908380971e-08,1.343988037109375000e+01
-9.000009894371032715e-01,-1.724493081667333172e-08,1.348791980743408203e+01
-9.000014066696166992e-01,-1.734352039761688502e-08,1.353596019744873047e+01
-9.000009894371032715e-01,-1.720255049519892054e-08,1.358399009704589844e+01
-9.000008702278137207e-01,-1.730695942114834907e-08,1.363202953338623047e+01
-9.000002145767211914e-01,-1.727421050645716605e-08,1.368006038665771484e+01
-9.000008702278137207e-01,-1.721818954081300035e-08,1.372809028625488281e+01
-9.000014066696166992e-01,-1.733878995935356215e-08,1.377614021301269531e+01
-9.000014066696166992e-01,-1.718709086162562016e-08,1.382417011260986328e+01
-9.000008106231689453e-01,-1.728258069988442003e-08,1.387220954895019531e+01
-9.000018835067749023e-01,-1.726129994494840503e-08,1.392024040222167969e+01
-9.000012278556823730e-01,-1.718800035632739309e-08,1.396827983856201172e+01
-9.000014066696166992e-01,-1.730822951628852024e-08,1.401632976531982422e+01
-9.000015854835510254e-01,-1.715397957013919950e-08,1.406435012817382812e+01
-9.000015258789062500e-01,-1.721527986831006274e-08,1.411238956451416016e+01
-9.000024795532226562e-01,-1.720927933490656869e-08,1.416044044494628906e+01
-9.000006914138793945e-01,-1.713014974313864514e-08,1.420845985412597656e+01
-9.000021219253540039e-01,-1.727713083710114006e-08,1.425648975372314453e+01
-9.000009894371032715e-01,-1.713796926594568504e-08,1.430451011657714844e+01
-9.000021219253540039e-01,-1.718763087410479784e-08,1.435254001617431641e+01
-9.000017046928405762e-01,-1.718253983540307672e-08,1.440056991577148438e+01
-9.000014066696166992e-01,-1.710778008146007778e-08,1.444859027862548828e+01
-9.000012874603271484e-01,-1.722601083997687965e-08,1.449662017822265625e+01
-9.000015258789062500e-01,-1.706176000482173549e-08,1.454463005065917969e+01
-9.000011086463928223e-01,-1.716015951558347297e-08,1.459265041351318359e+01
-9.000015258789062500e-01,-1.712779074125592160e-08,1.464066982269287109e+01
-9.000018835067749023e-01,-1.706339070040030492e-08,1.468867015838623047e+01
-9.000009894371032715e-01,-1.718636077896462666e-08,1.473670005798339844e+01
-9.000012278556823730e-01,-1.703756069559858588e-08,1.478470993041992188e+01
-9.000008702278137207e-01,-1.711159924866478832e-08,1.483271980285644531e+01
-9.000018835067749023e-01,-1.711086916600379482e-08,1.488072967529296875e+01
-9.000009894371032715e-01,-1.703502050531824352e-08,1.492873954772949219e+01
-9.000008106231689453e-01,-1.717453024241422099e-08,1.497675991058349609e+01
-8.999999761581420898e-01,-1.701828011846373556e-08,1.502476024627685547e+01
-9.000008106231689453e-01,-1.708177066461757931e-08,1.507277011871337891e+01
-9.000005722045898438e-01,-1.708449026693870110e-08,1.512078952789306641e+01
-9.000012874603271484e-01,-1.699481977368577645e-08,1.516878986358642578e+01
-9.000008106231689453e-01,-1.711923935943104880e-08,1.521681022644042969e+01
-9.000012278556823730e-01,-1.697262952404798853e-08,1.526480007171630859e+01
-9.000012874603271484e-01,-1.704992946827132982e-08,1.531280994415283203e+01
-9.000011086463928223e-01,-1.705483931857543212e-08,1.536081981658935547e+01
-9.000018239021301270e-01,-1.698409057837579894e-08,1.540882968902587891e+01
-9.000023007392883301e-01,-1.710287023115597549e-08,1.545685005187988281e+01
-9.000014066696166992e-01,-1.696461993105913280e-08,1.550483989715576172e+01
-9.000015258789062500e-01,-1.702992058483232540e-08,1.555286026000976562e+01
-9.000012874603271484e-01,-1.700936991255730391e-08,1.560085964202880859e+01
-9.000015854835510254e-01,-1.689095086021552561e-08,1.564885997772216797e+01
-9.000021815299987793e-01,-1.697990015259165375e-08,1.569686985015869141e+01
-9.000015854835510254e-01,-1.678509065072830708e-08,1.574483966827392578e+01
-9.000008702278137207e-01,-1.677108052433595731e-08,1.579281044006347656e+01
-9.000006914138793945e-01,-1.675453020766326517e-08,1.584078979492187500e+01
-9.000015258789062500e-01,-1.673251937006625667e-08,1.588875961303710938e+01
-9.000012874603271484e-01,-1.691424067473690229e-08,1.593675041198730469e+01
-9.000017046928405762e-01,-1.683748074299273867e-08,1.598474025726318359e+01
-9.000012874603271484e-01,-1.701664942288516613e-08,1.603273963928222656e+01
-9.000012278556823730e-01,-1.701173069079686684e-08,1.608074951171875000e+01
-9.000018239021301270e-01,-1.698900042867990123e-08,1.612874984741210938e+01
-8.999993205070495605e-01,-1.711777919410906179e-08,1.617676925659179688e+01
-9.000005125999450684e-01,-1.698390050819398311e-08,1.622476959228515625e+01
-9.000009894371032715e-01,-1.703211083281530591e-08,1.627277946472167969e+01
-9.000008702278137207e-01,-1.703575058797923703e-08,1.632078933715820312e+01
-9.000008106231689453e-01,-1.703029006705492066e-08,1.636878967285156250e+01
-9.000008702278137207e-01,-1.699882012928810582e-08,1.641679000854492188e+01
-9.000012874603271484e-01,-1.686129991185225663e-08,1.646478080749511719e+01
-9.000006914138793945e-01,-1.693588025375447614e-08,1.651277923583984375e+01
-9.000018835067749023e-01,-1.694716011968466773e-08,1.656077957153320312e+01
-9.000005125999450684e-01,-1.686403017231441481e-08,1.660877037048339844e+01
-9.000008702278137207e-01,-1.698973051134089474e-08,1.665677070617675781e+01
-9.000002145767211914e-01,-1.683419981191036641e-08,1.670475006103515625e+01
-9.000002145767211914e-01,-1.692951911991258385e-08,1.675274085998535156e+01
-9.000006914138793945e-01,-1.693405948799409089e-08,1.680073928833007812e+01
-9.000005125999450684e-01,-1.685384987126781198e-08,1.684872055053710938e+01
-8.999999761581420898e-01,-1.700045970665087225e-08,1.689673042297363281e+01
-9.000008106231689453e-01,-1.687694961560737283e-08,1.694470977783203125e+01
-9.000006914138793945e-01,-1.694279916364394012e-08,1.699271011352539062e+01
-8.999999165534973145e-01,-1.689986994790615427e-08,1.704070091247558594e+01
-9.000008702278137207e-01,-1.680692029992769676e-08,1.708868026733398438e+01
-8.999999165534973145e-01,-1.693661033641546965e-08,1.713668060302734375e+01
-8.999990820884704590e-01,-1.677672045730105310e-08,1.718464088439941406e+01
-9.000000953674316406e-01,-1.685912032201031252e-08,1.723262977600097656e+01
-8.999999761581420898e-01,-1.686202999451325013e-08,1.728060913085937500e+01
-8.999996185302734375e-01,-1.678109029512597772e-08,1.732859039306640625e+01
-9.000008702278137207e-01,-1.690241013818649662e-08,1.737657928466796875e+01
-9.000005125999450684e-01,-1.675253002986210049e-08,1.742454910278320312e+01
-8.999994993209838867e-01,-1.683837957955347520e-08,1.747254943847656250e+01
-9.000005722045898438e-01,-1.684747985564172268e-08,1.752054023742675781e+01
-9.000008106231689453e-01,-1.678944983041219530e-08,1.756851959228515625e+01
-9.000002145767211914e-01,-1.690895956585336535e-08,1.761651992797851562e+01
-9.000002145767211914e-01,-1.676581007359345676e-08,1.766449928283691406e+01
-9.000005722045898438e-01,-1.682838046690449119e-08,1.771249008178710938e+01
-9.000008702278137207e-01,-1.680255046210277214e-08,1.776048088073730469e+01
-9.000005722045898438e-01,-1.671923932633490040e-08,1.780845069885253906e+01
-9.000005125999450684e-01,-1.682109918021978956e-08,1.785643959045410156e+01
-9.000002145767211914e-01,-1.668268012622320384e-08,1.790440940856933594e+01
-9.000002741813659668e-01,-1.677472027949988842e-08,1.795239067077636719e+01
-9.000005125999450684e-01,-1.679964078959983453e-08,1.800037956237792969e+01
-9.000008702278137207e-01,-1.671888050225334155e-08,1.804834938049316406e+01
-9.000005125999450684e-01,-1.682620087706254708e-08,1.809634017944335938e+01
-9.000008106231689453e-01,-1.667667959281970980e-08,1.814430046081542969e+01
-9.000015854835510254e-01,-1.675926064592658804e-08,1.819227027893066406e+01
-9.000012278556823730e-01,-1.673907057408996479e-08,1.824024009704589844e+01
-9.000006914138793945e-01,-1.666557913893029763e-08,1.828820037841796875e+01
-9.000006914138793945e-01,-1.676617067403185501e-08,1.833617019653320312e+01
-9.000005125999450684e-01,-1.663029003395877226e-08,1.838413047790527344e+01
-8.999996185302734375e-01,-1.670214011539883359e-08,1.843209075927734375e+01
-9.000002741813659668e-01,-1.669432059259179368e-08,1.848004913330078125e+01
-8.999999761581420898e-01,-1.664593973771388846e-08,1.852800941467285156e+01
-9.000005722045898438e-01,-1.676525940297324269e-08,1.857597923278808594e+01
-9.000008106231689453e-01,-1.667230975499478518e-08,1.862393951416015625e+01
-8.999987244606018066e-01,-1.667303983765577868e-08,1.867189979553222656e+01
-9.000006914138793945e-01,-1.666322013704757410e-08,1.871985054016113281e+01
-9.000002741813659668e-01,-1.663046944599955168e-08,1.876779937744140625e+01
-9.000012278556823730e-01,-1.670377969276160002e-08,1.881576919555664062e+01
-9.000012278556823730e-01,-1.660773918388258608e-08,1.886371994018554688e+01
-9.000008106231689453e-01,-1.665993920596520184e-08,1.891167068481445312e+01
-9.000002145767211914e-01,-1.666739990469068289e-08,1.895962905883789062e+01
-9.000012278556823730e-01,-1.662064974539134710e-08,1.900757980346679688e+01
-9.000003933906555176e-01,-1.664083981722797034e-08,1.905554962158203125e+01
-9.000011086463928223e-01,-1.658846038310457516e-08,1.910350036621093750e+01
-8.999999165534973145e-01,-1.660646020695821790e-08,1.915144920349121094e+01
-9.000002741813659668e-01,-1.661046944434474426e-08,1.919939994812011719e+01
-9.000018239021301270e-01,-1.657626924611577124e-08,1.924735069274902344e+01
-9.000014066696166992e-01,-1.660228043931510911e-08,1.929528999328613281e+01
-9.000008702278137207e-01,-1.656554005080579373e-08,1.934322929382324219e+01
-9.000012278556823730e-01,-1.654935033457149984e-08,1.939118003845214844e+01
-9.000015854835510254e-01,-1.661356030524530070e-08,1.943913078308105469e+01
-9.000006914138793945e-01,-1.654534997896917048e-08,1.948707008361816406e+01
-9.000008106231689453e-01,-1.655917003517970443e-08,1.953503036499023438e+01
-9.000006914138793945e-01,-1.658935921966531168e-08,1.958297920227050781e+01
-9.000011086463928223e-01,-1.652134073992783669e-08,1.963092994689941406e+01
-9.000015258789062500e-01,-1.661246962214590894e-08,1.967889976501464844e+01
-9.000002145767211914e-01,-1.652533931917332666e-08,1.972683906555175781e+01
-9.000003933906555176e-01,-1.654552939100994990e-08,1.977478027343750000e+01
-9.000012874603271484e-01,-1.657299009139023838e-08,1.982272911071777344e+01
-9.000012874603271484e-01,-1.647421932204906625e-08,1.987067985534667969e+01
-9.000009894371032715e-01,-1.660992055008136958e-08,1.991864967346191406e+01
-9.000012278556823730e-01,-1.648768055417804135e-08,1.996659088134765625e+01
-9.000012874603271484e-01,-1.649786973700884118e-08,2.001456069946289062e+01
-9.000006914138793945e-01,-1.656663073390518548e-08,2.006253051757812500e+01
-9.000008702278137207e-01,-1.644820990520656778e-08,2.011046981811523438e+01
-9.000021219253540039e-01,-1.657445025671222538e-08,2.015840911865234375e+01
-9.000012874603271484e-01,-1.646331071469830931e-08,2.020635032653808594e+01
-9.000008702278137207e-01,-1.648932013154080778e-08,2.025429916381835938e+01
-9.000005125999450684e-01,-1.654371040160640405e-08,2.030227088928222656e+01
-9.000011086463928223e-01,-1.642347058350424049e-08,2.035021972656250000e+01
-9.000008702278137207e-01,-1.658717962982336758e-08,2.039818954467773438e+01
-9.000012278556823730e-01,-1.645894087687338470e-08,2.044610977172851562e+01
-9.000015854835510254e-01,-1.647167913176872389e-08,2.049404907226562500e+01
-9.000015258789062500e-01,-1.653006975743664952e-08,2.054203033447265625e+01
-9.000015854835510254e-01,-1.642201929996645049e-08,2.058996009826660156e+01
-9.000015854835510254e-01,-1.657826942391693592e-08,2.063795089721679688e+01
-8.999996781349182129e-01,-1.641092062243387772e-08,2.068589973449707031e+01
-9.000018835067749023e-01,-1.644093927666290256e-08,2.073386955261230469e+01
-9.000018835067749023e-01,-1.650387027041233523e-08,2.078182983398437500e+01
-9.000014066696166992e-01,-1.637035929036301241e-08,2.082980918884277344e+01
-9.000005125999450684e-01,-1.654098014114424586e-08,2.087780952453613281e+01
-9.000015854835510254e-01,-1.637999957893043756e-08,2.092580032348632812e+01
-9.000012874603271484e-01,-1.626668044707457739e-08,2.097381019592285156e+01
-9.000008702278137207e-01,-1.652442982447155373e-08,2.102182006835937500e+01
-9.000012874603271484e-01,-1.631378943045547203e-08,2.106986045837402344e+01
-9.000021815299987793e-01,-1.655370951425538806e-08,2.111784934997558594e+01
-9.000002741813659668e-01,-1.638800029013509629e-08,2.116588020324707031e+01
-9.000012874603271484e-01,-1.636490054579553544e-08,2.121389007568359375e+01
-9.000012874603271484e-01,-1.651624081944191857e-08,2.126189994812011719e+01
-9.000021219253540039e-01,-1.629014079185253649e-08,2.130994033813476562e+01
-9.000018835067749023e-01,-1.653078918195660663e-08,2.135791969299316406e+01
-9.000021219253540039e-01,-1.636598945253808779e-08,2.140593910217285156e+01
-9.000009894371032715e-01,-1.635089930118738266e-08,2.145396995544433594e+01
-9.000021815299987793e-01,-1.652643000227271841e-08,2.150197029113769531e+01
-9.000012874603271484e-01,-1.626849943647812324e-08,2.155001068115234375e+01
-9.000012278556823730e-01,-1.650914960293903277e-08,2.159798049926757812e+01
-9.000030755996704102e-01,-1.634671065176007687e-08,2.164600944519042969e+01
-9.000021219253540039e-01,-1.632960966446717066e-08,2.169403076171875000e+01
-9.000025987625122070e-01,-1.648150060873376788e-08,2.174202919006347656e+01
-9.000021219253540039e-01,-1.626177059677047509e-08,2.179006004333496094e+01
-9.000027775764465332e-01,-1.649713965434784768e-08,2.183806991577148438e+01
-9.000030755996704102e-01,-1.633307000759032235e-08,2.188604927062988281e+01
-9.000011086463928223e-01,-1.634088953039736225e-08,2.193407058715820312e+01
-9.000014066696166992e-01,-1.643038949339370447e-08,2.198204040527343750e+01
-9.000012874603271484e-01,-1.627286039251885086e-08,2.203005027770996094e+01
-9.000011086463928223e-01,-1.644730041050479485e-08,2.207806015014648438e+01
-9.000005125999450684e-01,-1.628104939754848601e-08,2.212602996826171875e+01
-9.000012874603271484e-01,-1.631869928075957432e-08,2.217404937744140625e+01
-9.000015258789062500e-01,-1.637381075170196709e-08,2.222204971313476562e+01
-9.000015854835510254e-01,-1.625685008832533640e-08,2.227006912231445312e+01
-9.000009894371032715e-01,-1.641219959935824591e-08,2.231808090209960938e+01
-9.000005722045898438e-01,-1.627794965486373258e-08,2.236606979370117188e+01
-9.000012874603271484e-01,-1.627141088533790025e-08,2.241407966613769531e+01
-9.000009894371032715e-01,-1.639545921250373794e-08,2.246208953857421875e+01
-9.000002741813659668e-01,-1.623721068710892723e-08,2.251012039184570312e+01
-9.000002145767211914e-01,-1.640474067698960425e-08,2.255810928344726562e+01
-9.000008702278137207e-01,-1.629613954889919114e-08,2.260610961914062500e+01
-9.000012278556823730e-01,-1.625140022554205643e-08,2.265411949157714844e+01
-9.000005722045898438e-01,-1.639181945733980683e-08,2.270211029052734375e+01
-9.000002741813659668e-01,-1.625594059362356347e-08,2.275012969970703125e+01
-9.000009894371032715e-01,-1.641311087041685823e-08,2.279813957214355469e+01
-9.000012278556823730e-01,-1.624576029257696064e-08,2.284609985351562500e+01
-9.000005722045898438e-01,-1.627977042062411783e-08,2.289411926269531250e+01
-9.000012278556823730e-01,-1.633616086849087878e-08,2.294211959838867188e+01
-9.000008702278137207e-01,-1.619154943455214379e-08,2.299011993408203125e+01
-9.000005722045898438e-01,-1.637472024640374002e-08,2.303812980651855469e+01
-8.999999761581420898e-01,-1.623394041416759137e-08,2.308613967895507812e+01
-9.000005722045898438e-01,-1.619791945017823309e-08,2.313414955139160156e+01
-8.999993801116943359e-01,-1.631615020869503496e-08,2.318213081359863281e+01
-9.000014066696166992e-01,-1.616336042786770122e-08,2.323015022277832031e+01
-9.000011086463928223e-01,-1.632415980168389069e-08,2.327815055847167969e+01
-9.000009894371032715e-01,-1.617535971831784991e-08,2.332616043090820312e+01
-8.999999761581420898e-01,-1.619683054343568074e-08,2.337416076660156250e+01
-9.000009894371032715e-01,-1.627577006502178847e-08,2.342215919494628906e+01
-9.000008106231689453e-01,-1.615116929087889730e-08,2.347018051147460938e+01
-9.000012278556823730e-01,-1.629886980936134933e-08,2.351818084716796875e+01
-9.000014066696166992e-01,-1.617191003333573462e-08,2.356617927551269531e+01
-9.000009894371032715e-01,-1.620919931610842468e-08,2.361417961120605469e+01
-9.000002145767211914e-01,-1.624012035961186484e-08,2.366218948364257812e+01
-9.000015258789062500e-01,-1.613462075056304457e-08,2.371021080017089844e+01
-9.000003933906555176e-01,-1.630142065778272809e-08,2.375819969177246094e+01
-9.000012874603271484e-01,-1.617135936271552055e-08,2.380621910095214844e+01
-9.000012874603271484e-01,-1.620028022841779602e-08,2.385421943664550781e+01
-9.000015854835510254e-01,-1.625049073084028350e-08,2.390221977233886719e+01
-9.000018239021301270e-01,-1.613807043554515985e-08,2.395023918151855469e+01
-9.000005722045898438e-01,-1.627432055784083786e-08,2.399822998046875000e+01
-9.000012278556823730e-01,-1.615862998960437835e-08,2.404623985290527344e+01
-9.000008106231689453e-01,-1.617081935023634287e-08,2.409424018859863281e+01
-9.000014066696166992e-01,-1.622884049368167325e-08,2.414225959777832031e+01
-9.000012278556823730e-01,-1.611988054150970129e-08,2.419029045104980469e+01
-9.000002741813659668e-01,-1.626739987159453449e-08,2.423827934265136719e+01
-9.000014066696166992e-01,-1.613133981948067230e-08,2.428628921508789062e+01
-9.000012874603271484e-01,-1.616371925194926007e-08,2.433428955078125000e+01
-9.000021219253540039e-01,-1.620482947828350007e-08,2.438228988647460938e+01
-9.000012278556823730e-01,-1.609877919861446571e-08,2.443032073974609375e+01
-9.000018239021301270e-01,-1.624012035961186484e-08,2.447831916809082031e+01
-9.000014066696166992e-01,-1.612188071931086597e-08,2.452635002136230469e+01
-9.000009894371032715e-01,-1.614352918011263682e-08,2.457435035705566406e+01
-9.000012278556823730e-01,-1.620174039373978303e-08,2.462236976623535156e+01
-9.000021219253540039e-01,-1.606549915322830202e-08,2.467038917541503906e+01
-9.000003933906555176e-01,-1.618390932378588332e-08,2.471838951110839844e+01
-9.000017046928405762e-01,-1.611824984593113186e-08,2.476638031005859375e+01
-9.000008106231689453e-01,-1.607367927647374017e-08,2.481435966491699219e+01
-9.000009894371032715e-01,-1.624430012725497363e-08,2.486236953735351562e+01
-9.000014066696166992e-01,-1.600382937283484353e-08,2.491036987304687500e+01
-9.000003933906555176e-01,-1.621956080555264634e-08,2.495837020874023438e+01
-9.000009894371032715e-01,-1.609241984112941282e-08,2.500635910034179688e+01
-9.000003933906555176e-01,-1.605130961479517282e-08,2.505434036254882812e+01
-9.000000953674316406e-01,-1.621556044995031698e-08,2.510234069824218750e+01
-9.000014066696166992e-01,-1.597491028348940745e-08,2.515033912658691406e+01
-9.000012874603271484e-01,-1.620755973874565825e-08,2.519833946228027344e+01
-9.000012874603271484e-01,-1.606841060208807903e-08,2.524632072448730469e+01
-9.000018239021301270e-01,-1.603548049899927719e-08,2.529430007934570312e+01
-9.000015854835510254e-01,-1.618736966690903500e-08,2.534230041503906250e+01
-9.000008702278137207e-01,-1.596326981712081761e-08,2.539028930664062500e+01
-9.000006914138793945e-01,-1.617262945785569173e-08,2.543828964233398438e+01
-9.000014066696166992e-01,-1.604403010446731059e-08,2.548627090454101562e+01
-9.000011086463928223e-01,-1.601529042716265394e-08,2.553425025939941406e+01
-9.000006914138793945e-01,-1.618409051218350214e-08,2.558223915100097656e+01
-9.000008702278137207e-01,-1.594908027868768841e-08,2.563023948669433594e+01
-9.000015854835510254e-01,-1.616244915680908889e-08,2.567823028564453125e+01
-9.000018239021301270e-01,-1.603003063621599722e-08,2.572620964050292969e+01
-9.000008702278137207e-01,-1.600274046609229117e-08,2.577420997619628906e+01
-9.000025987625122070e-01,-1.616627010037063883e-08,2.582221984863281250e+01
-9.000014066696166992e-01,-1.592689002904990048e-08,2.587021064758300781e+01
-9.000015854835510254e-01,-1.613915934228771221e-08,2.591823005676269531e+01
-9.000012874603271484e-01,-1.601092947112192633e-08,2.596622085571289062e+01
-9.000015258789062500e-01,-1.597726928537213098e-08,2.601420974731445312e+01
-9.000008106231689453e-01,-1.613480016260382399e-08,2.606220054626464844e+01
-9.000015854835510254e-01,-1.589197040630097035e-08,2.611018943786621094e+01
-9.000008106231689453e-01,-1.608968958066725463e-08,2.615817070007324219e+01
-9.000015854835510254e-01,-1.599510035532603069e-08,2.620615005493164062e+01
-9.000005722045898438e-01,-1.595144993871144834e-08,2.625414085388183594e+01
-9.000012278556823730e-01,-1.612188071931086597e-08,2.630212020874023438e+01
-9.000008702278137207e-01,-1.587869036256961408e-08,2.635009002685546875e+01
-9.000009894371032715e-01,-1.607969046801827062e-08,2.639808082580566406e+01
-9.000008106231689453e-01,-1.598272980629644735e-08,2.644606018066406250e+01
-9.000012874603271484e-01,-1.593052978421383159e-08,2.649404907226562500e+01
-9.000009894371032715e-01,-1.609915045719390037e-08,2.654202079772949219e+01
-9.000018239021301270e-01,-1.587596010210745590e-08,2.659000015258789062e+01
-9.000012278556823730e-01,-1.608223065829861298e-08,2.663799095153808594e+01
-8.999999165534973145e-01,-1.598091081689290149e-08,2.668596076965332031e+01
-9.000018239021301270e-01,-1.593016030199123634e-08,2.673394966125488281e+01
-9.000011086463928223e-01,-1.609896926879628154e-08,2.678191947937011719e+01
-9.000015854835510254e-01,-1.586758990868020192e-08,2.682991027832031250e+01
-9.000014066696166992e-01,-1.606331068160216091e-08,2.687789916992187500e+01
-9.000014066696166992e-01,-1.594781018354751723e-08,2.692588043212890625e+01
-9.000015854835510254e-01,-1.590814946439422783e-08,2.697390937805175781e+01
-9.000017046928405762e-01,-1.608841948552708345e-08,2.702189064025878906e+01
-9.000015258789062500e-01,-1.585831022055117501e-08,2.706986999511718750e+01
-9.000018239021301270e-01,-1.604293942136791884e-08,2.711790084838867188e+01
-9.000009894371032715e-01,-1.595198995119062602e-08,2.716588020324707031e+01
-9.000018835067749023e-01,-1.591543075107892946e-08,2.721389961242675781e+01
-9.000009894371032715e-01,-1.604657917653184995e-08,2.726189041137695312e+01
-9.000012874603271484e-01,-1.584830933154535160e-08,2.730987930297851562e+01
-9.000024199485778809e-01,-1.603165955543772725e-08,2.735788917541503906e+01
-9.000020027160644531e-01,-1.592234077918419644e-08,2.740591049194335938e+01
-9.000012874603271484e-01,-1.590779064031266898e-08,2.745391082763671875e+01
-9.000015258789062500e-01,-1.604749044759046228e-08,2.750190925598144531e+01
-9.000012278556823730e-01,-1.583575937047498883e-08,2.754989051818847656e+01
-9.000021219253540039e-01,-1.601966026498757856e-08,2.759794044494628906e+01
-9.000015258789062500e-01,-1.591670084621910064e-08,2.764591979980468750e+01
-9.000015854835510254e-01,-1.587578069006667647e-08,2.769392967224121094e+01
-9.000014066696166992e-01,-1.602620969265444728e-08,2.774192047119140625e+01
-9.000018239021301270e-01,-1.580247044330462813e-08,2.778990936279296875e+01
-9.000018239021301270e-01,-1.599637045046620187e-08,2.783794021606445312e+01
-9.000018835067749023e-01,-1.590433029718951730e-08,2.788591003417968750e+01
-9.000025987625122070e-01,-1.584612974170340749e-08,2.793391990661621094e+01
-9.000025987625122070e-01,-1.599874011048996181e-08,2.798195075988769531e+01
-9.000017046928405762e-01,-1.580482944518735167e-08,2.802993011474609375e+01
-9.000017046928405762e-01,-1.597799936803312448e-08,2.807795906066894531e+01
-9.000024199485778809e-01,-1.588851006317781867e-08,2.812594985961914062e+01
-9.000027775764465332e-01,-1.585157960448668746e-08,2.817396926879882812e+01
-9.000025987625122070e-01,-1.598309928851904260e-08,2.822200012207031250e+01
-9.000015854835510254e-01,-1.579138064755625237e-08,2.826997947692871094e+01
-9.000021219253540039e-01,-1.596582066554219637e-08,2.831797981262207031e+01
-9.000030755996704102e-01,-1.586050046853415552e-08,2.836598968505859375e+01
-9.000027179718017578e-01,-1.584431075229986163e-08,2.841398048400878906e+01
-9.000020027160644531e-01,-1.596163023975805118e-08,2.846200942993164062e+01
-9.000027179718017578e-01,-1.576263031211055932e-08,2.850997924804687500e+01
-9.000024795532226562e-01,-1.595963006195688649e-08,2.855800056457519531e+01
-9.000021219253540039e-01,-1.583448039355062065e-08,2.860601043701171875e+01
-9.000027179718017578e-01,-1.581756947643953026e-08,2.865401077270507812e+01
-9.000028967857360840e-01,-1.596544940696276171e-08,2.870203018188476562e+01
-9.000024199485778809e-01,-1.573972063795281429e-08,2.875000953674316406e+01
-9.000023007392883301e-01,-1.594271026306159911e-08,2.879804039001464844e+01
-9.000024795532226562e-01,-1.584522024700163456e-08,2.884604072570800781e+01
-9.000025987625122070e-01,-1.579410024987737415e-08,2.889402961730957031e+01
-9.000021815299987793e-01,-1.594144016792142793e-08,2.894205093383789062e+01
-9.000020027160644531e-01,-1.573916996733260021e-08,2.899000930786132812e+01
-9.000017046928405762e-01,-1.591616083373992296e-08,2.903803062438964844e+01
-9.000018835067749023e-01,-1.581683939377853676e-08,2.908602905273437500e+01
-9.000012278556823730e-01,-1.579573982724014058e-08,2.913401985168457031e+01
-9.000005125999450684e-01,-1.589051024097898335e-08,2.918203926086425781e+01
-9.000015258789062500e-01,-1.573772046015164960e-08,2.923004913330078125e+01
-9.000024199485778809e-01,-1.589778975130684557e-08,2.927806091308593750e+01
-9.000015854835510254e-01,-1.578701080973132775e-08,2.932607078552246094e+01
-9.000008702278137207e-01,-1.577319075352079381e-08,2.937408065795898438e+01
-9.000003933906555176e-01,-1.589942044688541500e-08,2.942207908630371094e+01
-9.000014066696166992e-01,-1.570514918114440661e-08,2.947006034851074219e+01
-9.000015854835510254e-01,-1.589451059658131271e-08,2.951807022094726562e+01
-9.000012874603271484e-01,-1.578827912851465953e-08,2.956605911254882812e+01
-9.000008106231689453e-01,-1.574407981763670250e-08,2.961407089233398438e+01
-9.000014066696166992e-01,-1.587850029238779825e-08,2.966206932067871094e+01
-9.000008106231689453e-01,-1.568187002476406633e-08,2.971006965637207031e+01
-9.000011086463928223e-01,-1.586285947041687905e-08,2.975807952880859375e+01
-9.000021219253540039e-01,-1.576609065523371100e-08,2.980607986450195312e+01
-9.000018239021301270e-01,-1.575735986136805877e-08,2.985408973693847656e+01
-9.000027775764465332e-01,-1.584684916622336459e-08,2.990209960937500000e+01
-9.000006914138793945e-01,-1.568660046302738920e-08,2.995009040832519531e+01
-9.000020027160644531e-01,-1.586522913044063898e-08,2.999809074401855469e+01
-9.000015854835510254e-01,-1.572334085153670458e-08,3.004608917236328125e+01
-9.000008106231689453e-01,-1.575572028400529234e-08,3.009412002563476562e+01
-9.000018835067749023e-01,-1.581810948891870794e-08,3.014212036132812500e+01
-9.000003933906555176e-01,-1.570897012470595655e-08,3.019016075134277344e+01
-9.000008106231689453e-01,-1.583048003794829128e-08,3.023817062377929688e+01
-9.000012278556823730e-01,-1.571443064563027292e-08,3.028616905212402344e+01
-9.000018835067749023e-01,-1.579518915661992651e-08,3.033419990539550781e+01
-9.000005722045898438e-01,-1.578846031691227836e-08,3.038220024108886719e+01
-9.000014066696166992e-01,-1.571260987986988766e-08,3.043025016784667969e+01
-9.000002145767211914e-01,-1.583958031403653877e-08,3.047825050354003906e+01
-9.000012874603271484e-01,-1.570334084988189716e-08,3.052626991271972656e+01
-9.000005722045898438e-01,-1.575044983326279180e-08,3.057431983947753906e+01
-9.000015854835510254e-01,-1.577699926258446794e-08,3.062231063842773438e+01
-9.000015258789062500e-01,-1.567931917634268757e-08,3.067034912109375000e+01
-9.000008106231689453e-01,-1.581756947643953026e-08,3.071838951110839844e+01
-9.000018239021301270e-01,-1.568914953509192856e-08,3.076641082763671875e+01
-9.000017046928405762e-01,-1.575154051636218355e-08,3.081447029113769531e+01
-9.000021219253540039e-01,-1.574917085633842362e-08,3.086248016357421875e+01
-9.000021219253540039e-01,-1.567786966916173697e-08,3.091053009033203125e+01
-9.000024199485778809e-01,-1.579373964943897590e-08,3.095856094360351562e+01
-9.000018835067749023e-01,-1.568768936976994155e-08,3.100658035278320312e+01
-9.000014066696166992e-01,-1.573570962420944852e-08,3.105463027954101562e+01
-9.000018835067749023e-01,-1.574280972249653132e-08,3.110267066955566406e+01
-9.000012278556823730e-01,-1.564930940389785974e-08,3.115070915222167969e+01
-9.000015854835510254e-01,-1.578209918307038606e-08,3.119872093200683594e+01
-9.000015854835510254e-01,-1.564876939141868206e-08,3.124674987792968750e+01
-9.000018835067749023e-01,-1.568442087318544509e-08,3.129479026794433594e+01
-9.000024199485778809e-01,-1.568404961460601044e-08,3.134280967712402344e+01
-9.000021219253540039e-01,-1.559346962665131286e-08,3.139084053039550781e+01
-9.000021219253540039e-01,-1.573789987219242903e-08,3.143889045715332031e+01
-9.000012278556823730e-01,-1.559764939429442165e-08,3.148694038391113281e+01
-9.000015854835510254e-01,-1.565459051278139668e-08,3.153496932983398438e+01
-9.000020027160644531e-01,-1.567605067975819111e-08,3.158303070068359375e+01
-9.000021219253540039e-01,-1.557019047027097258e-08,3.163105964660644531e+01
-9.000025987625122070e-01,-1.571807040079420403e-08,3.167911911010742188e+01
-9.000021815299987793e-01,-1.561583928832988022e-08,3.172715950012207031e+01
-9.000014066696166992e-01,-1.565057949903803092e-08,3.177519989013671875e+01
-9.000024199485778809e-01,-1.556655071510704147e-08,3.182323074340820312e+01
-9.000024199485778809e-01,-1.545503991451369075e-08,3.187124061584472656e+01
-9.000021219253540039e-01,-1.559365081504893169e-08,3.191926956176757812e+01
-9.000017046928405762e-01,-1.557381956729386729e-08,3.196730041503906250e+01
-9.000018239021301270e-01,-1.576954922200002329e-08,3.201533126831054688e+01
-9.000021219253540039e-01,-1.597364018834923627e-08,3.206333160400390625e+01
-9.000024795532226562e-01,-1.594890086664690898e-08,3.211133956909179688e+01
-9.000012874603271484e-01,-1.572207075639653340e-08,3.215937042236328125e+01
-9.000024199485778809e-01,-1.570223950864146900e-08,3.220737838745117188e+01
-9.000015258789062500e-01,-1.568660046302738920e-08,3.225542068481445312e+01
-9.000027179718017578e-01,-1.570606045220301894e-08,3.230345153808593750e+01
-9.000027775764465332e-01,-1.565130958169902442e-08,3.235147094726562500e+01
-9.000024795532226562e-01,-1.573516961173027084e-08,3.239950942993164062e+01
-9.000018835067749023e-01,-1.560874984818383382e-08,3.244752883911132812e+01
-9.000018835067749023e-01,-1.565057949903803092e-08,3.249555969238281250e+01
-9.000018835067749023e-01,-1.566314011824943009e-08,3.254360961914062500e+01
-9.000015258789062500e-01,-1.558927920086716767e-08,3.259160995483398438e+01
-9.000015854835510254e-01,-1.572007057859536872e-08,3.263965988159179688e+01
-9.000020027160644531e-01,-1.559055995414837525e-08,3.268767166137695312e+01
-9.000021219253540039e-01,-1.563875962062866165e-08,3.273571014404296875e+01
-9.000015854835510254e-01,-1.563985030372805340e-08,3.278374862670898438e+01
-9.000015854835510254e-01,-1.557419082587330195e-08,3.283177947998046875e+01
-9.000018239021301270e-01,-1.566768048633093713e-08,3.287982177734375000e+01
-9.000017046928405762e-01,-1.556873030494898558e-08,3.292784118652343750e+01
-9.000023007392883301e-01,-1.560328932725951745e-08,3.297586822509765625e+01
-9.000021815299987793e-01,-1.561583928832988022e-08,3.302389907836914062e+01
-9.000023007392883301e-01,-1.556236028932289628e-08,3.307192993164062500e+01
-9.000015258789062500e-01,-1.564239937579259276e-08,3.311996841430664062e+01
-9.000018835067749023e-01,-1.555144990561529994e-08,3.316799926757812500e+01
-9.000012278556823730e-01,-1.557928008821818366e-08,3.321603012084960938e+01
-9.000015258789062500e-01,-1.559109996662755293e-08,3.326406860351562500e+01
-9.000018835067749023e-01,-1.554854023311236233e-08,3.331211090087890625e+01
-9.000015258789062500e-01,-1.563348916988616111e-08,3.336014938354492188e+01
-9.000023007392883301e-01,-1.554163020500709536e-08,3.340819168090820312e+01
-9.000021815299987793e-01,-1.558528062162167771e-08,3.345623016357421875e+01
-9.000027775764465332e-01,-1.558674078694366472e-08,3.350424957275390625e+01
-9.000024199485778809e-01,-1.554708006779037532e-08,3.355228042602539062e+01
-9.000024795532226562e-01,-1.563167018048261525e-08,3.360031127929687500e+01
-9.000021815299987793e-01,-1.553125983377867669e-08,3.364833068847656250e+01
-9.000014066696166992e-01,-1.557273066055131494e-08,3.369636154174804688e+01
-9.000024795532226562e-01,-1.557146056541114376e-08,3.374438095092773438e+01
-9.000018835067749023e-01,-1.550960959662006644e-08,3.379240036010742188e+01
-9.000018239021301270e-01,-1.559947016005480691e-08,3.384043121337890625e+01
-9.000028967857360840e-01,-1.551416062284260988e-08,3.388845062255859375e+01
-9.000018239021301270e-01,-1.556399986668566271e-08,3.393647003173828125e+01
-9.000021219253540039e-01,-1.557727991041701898e-08,3.398450851440429688e+01
-9.000020027160644531e-01,-1.553689976674377249e-08,3.403253936767578125e+01
-9.000024199485778809e-01,-1.560874984818383382e-08,3.408057022094726562e+01
-9.000024199485778809e-01,-1.551853046066753450e-08,3.412858963012695312e+01
-9.000003933906555176e-01,-1.556490936138743564e-08,3.417662048339843750e+01
-9.000030755996704102e-01,-1.555527084917684988e-08,3.422463989257812500e+01
-9.000021219253540039e-01,-1.553235051687806845e-08,3.427265930175781250e+01
-9.000024199485778809e-01,-1.557637041571524605e-08,3.432069015502929688e+01
-9.000015854835510254e-01,-1.549632955288871017e-08,3.436869812011718750e+01
-9.000020027160644531e-01,-1.554690065574959590e-08,3.441672897338867188e+01
-9.000021815299987793e-01,-1.552798067905314383e-08,3.446474838256835938e+01
-9.000021219253540039e-01,-1.551397943444499106e-08,3.451277160644531250e+01
-9.000018835067749023e-01,-1.556617945652760682e-08,3.456079101562500000e+01
-9.000023007392883301e-01,-1.548614925184210733e-08,3.460881042480468750e+01
-9.000024199485778809e-01,-1.554090012234610185e-08,3.465684890747070312e+01
-9.000018835067749023e-01,-1.551924988518749160e-08,3.470486831665039062e+01
-9.000018239021301270e-01,-1.551143036238045170e-08,3.475288009643554688e+01
-9.000024199485778809e-01,-1.554380979484903946e-08,3.480091094970703125e+01
-9.000024199485778809e-01,-1.546304950750254648e-08,3.484891891479492188e+01
-9.000024795532226562e-01,-1.541121008585832897e-08,3.489693069458007812e+01
-9.000027775764465332e-01,-1.538028016057069181e-08,3.494493103027343750e+01
-9.000021815299987793e-01,-1.542302996426769823e-08,3.499293899536132812e+01
-9.000025987625122070e-01,-1.536882088259972079e-08,3.504093170166015625e+01
-9.000034928321838379e-01,-1.530315962838812993e-08,3.508892822265625000e+01
-9.000021219253540039e-01,-1.477982980446768124e-08,3.513689041137695312e+01
-9.000027179718017578e-01,-1.453499987036366292e-08,3.518489074707031250e+01
-9.000024199485778809e-01,-1.455355036483751974e-08,3.523289108276367188e+01
-9.000027179718017578e-01,-1.470306987272351762e-08,3.528086090087890625e+01
-9.000023007392883301e-01,-1.516490932829128724e-08,3.532886123657226562e+01
-9.000025987625122070e-01,-1.533262938835378009e-08,3.537685012817382812e+01
-9.000021815299987793e-01,-1.532299087614319433e-08,3.542485809326171875e+01
-9.000024795532226562e-01,-1.523149073534568743e-08,3.547283935546875000e+01
-9.000025987625122070e-01,-1.521275017069001478e-08,3.552082061767578125e+01
-9.000021219253540039e-01,-1.527095960796032159e-08,3.556880950927734375e+01
-9.000033140182495117e-01,-1.563913087920809630e-08,3.561682128906250000e+01
-9.000024795532226562e-01,-1.593888931950004917e-08,3.566481018066406250e+01
-9.000030755996704102e-01,-1.582539077560340957e-08,3.571282958984375000e+01
-9.000028967857360840e-01,-1.596908916212669283e-08,3.576082992553710938e+01
-9.000030159950256348e-01,-1.581157071939287562e-08,3.580884933471679688e+01
-9.000023007392883301e-01,-1.579956077080169052e-08,3.585686874389648438e+01
-9.000021815299987793e-01,-1.575936003916922346e-08,3.590488052368164062e+01
-9.000030755996704102e-01,-1.580465003314657224e-08,3.595289993286132812e+01
-9.000015854835510254e-01,-1.584175990387848287e-08,3.600093841552734375e+01
-9.000024795532226562e-01,-1.558418993852228596e-08,3.604896926879882812e+01
-9.000023007392883301e-01,-1.569441998583442910e-08,3.609701919555664062e+01
-9.000028967857360840e-01,-1.543594052577645925e-08,3.614503097534179688e+01
-9.000024199485778809e-01,-1.548760053537989734e-08,3.619303894042968750e+01
-9.000033140182495117e-01,-1.557855000555719016e-08,3.624106979370117188e+01
-9.000033736228942871e-01,-1.558291984338211478e-08,3.628908920288085938e+01
-9.000028967857360840e-01,-1.546614036840310291e-08,3.633710861206054688e+01
-9.000021219253540039e-01,-1.537627980496836244e-08,3.638512039184570312e+01
-9.000024199485778809e-01,-1.521348025335100829e-08,3.643310165405273438e+01
-9.000024199485778809e-01,-1.501921076396683929e-08,3.648106002807617188e+01
-9.000021219253540039e-01,-1.481329992003566076e-08,3.652899169921875000e+01
-9.000027775764465332e-01,-1.490371026591219561e-08,3.657695007324218750e+01
-9.000024795532226562e-01,-1.513799041674701584e-08,3.662491989135742188e+01
-9.000036120414733887e-01,-1.533645033191533003e-08,3.667292022705078125e+01
-9.000025987625122070e-01,-1.551160977442123112e-08,3.672093963623046875e+01
-9.000023007392883301e-01,-1.547942041213445918e-08,3.676895904541015625e+01
-9.000024795532226562e-01,-1.558055018335835484e-08,3.681697845458984375e+01
-9.000021815299987793e-01,-1.563038942720140767e-08,3.686502075195312500e+01
-9.000018835067749023e-01,-1.559929074801402749e-08,3.691305160522460938e+01
-9.000018835067749023e-01,-1.552835016127573908e-08,3.696107864379882812e+01
-9.000018239021301270e-01,-1.545632066779489833e-08,3.700909042358398438e+01
-9.000025987625122070e-01,-1.550015049645026011e-08,3.705710983276367188e+01
-9.000028967857360840e-01,-1.547232031384737638e-08,3.710512161254882812e+01
-9.000015854835510254e-01,-1.541429917040204600e-08,3.715312957763671875e+01
-9.000018835067749023e-01,-1.547651073963152157e-08,3.720114135742187500e+01
-9.000024199485778809e-01,-1.541739003130260244e-08,3.724916076660156250e+01
-9.000015854835510254e-01,-1.542066030424393830e-08,3.729716110229492188e+01
-9.000021219253540039e-01,-1.537937066586891888e-08,3.734516906738281250e+01
-9.000024199485778809e-01,-1.536428051451821375e-08,3.739318084716796875e+01
-9.000025987625122070e-01,-1.536428051451821375e-08,3.744118118286132812e+01
-9.000027179718017578e-01,-1.526822934749816341e-08,3.748918151855468750e+01
-9.000030755996704102e-01,-1.525149961878469185e-08,3.753715896606445312e+01
-9.000021815299987793e-01,-1.525567938642780064e-08,3.758515167236328125e+01
-9.000012278556823730e-01,-1.522766979178413749e-08,3.763312911987304688e+01
-9.000015258789062500e-01,-1.530916016179162398e-08,3.768112182617187500e+01
-9.000024795532226562e-01,-1.534771953970448521e-08,3.772911834716796875e+01
-9.000028967857360840e-01,-1.541265959303927957e-08,3.777713012695312500e+01
-9.000027179718017578e-01,-1.545923034029783594e-08,3.782514190673828125e+01
-9.000306725502014160e-01,-1.612188071931086597e-08,3.787316131591796875e+01
-9.000024199485778809e-01,-1.508487912360578775e-08,3.792113113403320312e+01
-9.000027179718017578e-01,-1.512053060537255078e-08,3.796910095214843750e+01
-9.000020027160644531e-01,-1.524749926318236248e-08,3.801708984375000000e+01
-9.000027775764465332e-01,-1.519766001933930966e-08,3.806507110595703125e+01
-9.000024199485778809e-01,-1.522549020194219338e-08,3.811304855346679688e+01
-9.000025987625122070e-01,-1.527205029105971335e-08,3.816104125976562500e+01
-9.000025987625122070e-01,-1.521894077427532466e-08,3.820904159545898438e+01
-9.000021219253540039e-01,-1.527969040182597382e-08,3.825703048706054688e+01
-9.000030159950256348e-01,-1.534681004500271229e-08,3.830503845214843750e+01
-9.000027775764465332e-01,-1.531462068271594035e-08,3.835303878784179688e+01
-9.000027775764465332e-01,-1.520584014258474781e-08,3.840103149414062500e+01
-9.000024795532226562e-01,-1.521203074617005768e-08,3.844900894165039062e+01
-9.000030159950256348e-01,-1.530588988885028812e-08,3.849700927734375000e+01
-9.000040292739868164e-01,-1.528752058277405013e-08,3.854500961303710938e+01
-9.000027179718017578e-01,-1.526841941767997923e-08,3.859299850463867188e+01
-9.000024795532226562e-01,-1.534099069999683707e-08,3.864099884033203125e+01
-9.000024199485778809e-01,-1.524368009597765194e-08,3.868898010253906250e+01
-9.000027775764465332e-01,-1.526258941453306761e-08,3.873696136474609375e+01
-9.000027775764465332e-01,-1.527769022402480914e-08,3.878495025634765625e+01
-9.000030755996704102e-01,-1.528860948951660248e-08,3.883293914794921875e+01
-9.000030159950256348e-01,-1.533499016659334302e-08,3.888093948364257812e+01
-9.000027775764465332e-01,-1.523748949239234207e-08,3.892892074584960938e+01
-9.000034928321838379e-01,-1.532879956300803315e-08,3.897692108154296875e+01
-9.000030159950256348e-01,-1.534099069999683707e-08,3.902490997314453125e+01
-9.000040888786315918e-01,-1.528879067791422131e-08,3.907291030883789062e+01
-9.000033736228942871e-01,-1.529170035041715892e-08,3.912089920043945312e+01
-9.000033140182495117e-01,-1.511070912840750680e-08,3.916888046264648438e+01
-9.000036120414733887e-01,-1.529678961276204063e-08,3.921686935424804688e+01
-9.000040292739868164e-01,-1.527441995108347328e-08,3.926485824584960938e+01
-9.000036120414733887e-01,-1.513508074424407823e-08,3.931283187866210938e+01
-9.000030755996704102e-01,-1.534480986720154760e-08,3.936082839965820312e+01
-9.000027775764465332e-01,-1.526968951282015041e-08,3.940882110595703125e+01
-9.000036120414733887e-01,-1.531915927444060799e-08,3.945680999755859375e+01
-9.000027775764465332e-01,-1.529861037852242589e-08,3.950479888916015625e+01
-9.000033140182495117e-01,-1.524531079155622137e-08,3.955279159545898438e+01
-9.000033140182495117e-01,-1.533354065941239242e-08,3.960078048706054688e+01
-9.000033736228942871e-01,-1.522893988692430867e-08,3.964876937866210938e+01
-9.000028967857360840e-01,-1.522839987444513099e-08,3.969675064086914062e+01
-9.000040888786315918e-01,-1.524477077907704370e-08,3.974473190307617188e+01
-9.000043272972106934e-01,-1.521020998040967243e-08,3.979270935058593750e+01
-9.000036120414733887e-01,-1.528514914639345079e-08,3.984070968627929688e+01
-9.000040292739868164e-01,-1.518056080840324285e-08,3.988867950439453125e+01
-9.000033140182495117e-01,-1.521785009117593290e-08,3.993666076660156250e+01
-9.000036716461181641e-01,-1.519893011447948084e-08,3.998464965820312500e+01
-9.000036716461181641e-01,-1.514890968223880918e-08,4.003261947631835938e+01
-9.000030755996704102e-01,-1.527313919780226570e-08,4.008060836791992188e+01
-9.000031948089599609e-01,-1.517237002701676829e-08,4.012858963012695312e+01
-9.000023007392883301e-01,-1.521785009117593290e-08,4.017657089233398438e+01
-9.000027775764465332e-01,-1.526369075577349577e-08,4.022455978393554688e+01
-9.000027179718017578e-01,-1.517073933143819886e-08,4.027252960205078125e+01
-9.000021219253540039e-01,-1.530479920575089636e-08,4.032052993774414062e+01
-9.000028967857360840e-01,-1.518782966059006867e-08,4.036851119995117188e+01
-9.000036716461181641e-01,-1.520965930978945835e-08,4.041648864746093750e+01
-9.000027775764465332e-01,-1.524094983551549376e-08,4.046448898315429688e+01
-9.000025987625122070e-01,-1.524239934269644436e-08,4.051248931884765625e+01
-9.000033736228942871e-01,-1.536736959906193078e-08,4.056050109863281250e+01
-9.000030755996704102e-01,-1.517837944220445934e-08,4.060850143432617188e+01
-9.000028967857360840e-01,-1.520711911950911599e-08,4.065649032592773438e+01
-9.000024199485778809e-01,-1.523913084611194790e-08,4.070447921752929688e+01
-9.000030755996704102e-01,-1.514817959957781568e-08,4.075246047973632812e+01
-9.000030755996704102e-01,-1.525931914159173175e-08,4.080044937133789062e+01
-9.000030755996704102e-01,-1.515637038096429023e-08,4.084843826293945312e+01
-9.000036120414733887e-01,-1.518855974325106217e-08,4.089643096923828125e+01
-9.000021815299987793e-01,-1.522476011928119988e-08,4.094441986083984375e+01
-9.000024795532226562e-01,-1.514126957147254871e-08,4.099240112304687500e+01
-9.000021219253540039e-01,-1.525294912596564245e-08,4.104040145874023438e+01
-9.000027775764465332e-01,-1.513853931101039052e-08,4.108837890625000000e+01
-9.000036716461181641e-01,-1.519802061977770791e-08,4.113637161254882812e+01
-9.000027775764465332e-01,-1.520256986964341195e-08,4.118436050415039062e+01
-9.000033736228942871e-01,-1.513999059454818052e-08,4.123233032226562500e+01
-9.000030755996704102e-01,-1.525694948156797182e-08,4.128031921386718750e+01
-9.000028967857360840e-01,-1.513689973364762409e-08,4.132828140258789062e+01
-9.000036120414733887e-01,-1.518309922232674580e-08,4.137625885009765625e+01
-9.000025987625122070e-01,-1.519875070243870141e-08,4.142425155639648438e+01
-9.000025987625122070e-01,-1.512652936241920543e-08,4.147222137451171875e+01
-9.000021815299987793e-01,-1.525494930376680713e-08,4.152019882202148438e+01
-9.000033140182495117e-01,-1.511980052271155728e-08,4.156816864013671875e+01
-9.000027775764465332e-01,-1.517219061497598886e-08,4.161616134643554688e+01
-9.000025987625122070e-01,-1.520183978698241845e-08,4.166413879394531250e+01
-9.000030755996704102e-01,-1.510962022166495444e-08,4.171210861206054688e+01
-9.000028967857360840e-01,-1.525076953612369834e-08,4.176008987426757812e+01
-9.000021219253540039e-01,-1.511179981150689855e-08,4.180805969238281250e+01
-9.000030755996704102e-01,-1.515017977737898036e-08,4.185602951049804688e+01
-9.000027775764465332e-01,-1.519475034683637205e-08,4.190401077270507812e+01
-9.000024199485778809e-01,-1.507869029637731728e-08,4.195196914672851562e+01
-9.000028967857360840e-01,-1.524622028625799430e-08,4.199996948242187500e+01
-9.000023007392883301e-01,-1.511270930620867148e-08,4.204793930053710938e+01
-9.000027775764465332e-01,-1.511888925165294495e-08,4.209590911865234375e+01
-9.000024199485778809e-01,-1.519184067433343444e-08,4.214389038085937500e+01
-9.000024199485778809e-01,-1.505796021206151636e-08,4.219184875488281250e+01
-9.000024199485778809e-01,-1.521311965291261004e-08,4.223983001708984375e+01
-9.000015854835510254e-01,-1.509834035573476285e-08,4.228778839111328125e+01
-9.000024795532226562e-01,-1.510198011089869397e-08,4.233575820922851562e+01
-9.000023007392883301e-01,-1.517673986484169291e-08,4.238373947143554688e+01
-9.000014066696166992e-01,-1.505232027909642056e-08,4.243170166015625000e+01
-9.000024795532226562e-01,-1.520566073054396838e-08,4.247967147827148438e+01
-9.000027775764465332e-01,-1.506668922957032919e-08,4.252762985229492188e+01
-9.000024795532226562e-01,-1.510816005634296744e-08,4.257559967041015625e+01
-9.000033140182495117e-01,-1.516963976655461011e-08,4.262358093261718750e+01
-9.000015258789062500e-01,-1.504395008566916658e-08,4.267153930664062500e+01
-9.000030159950256348e-01,-1.519492975887715147e-08,4.271952819824218750e+01
-9.000024199485778809e-01,-1.507232916253542498e-08,4.276750183105468750e+01
-9.000025987625122070e-01,-1.510252012337787164e-08,4.281547927856445312e+01
-9.000021815299987793e-01,-1.516128023126839253e-08,4.286346054077148438e+01
-9.000027179718017578e-01,-1.504631974569292652e-08,4.291143035888671875e+01
-9.000024199485778809e-01,-1.518382930498773931e-08,4.295941162109375000e+01
-9.000031948089599609e-01,-1.506086988456445397e-08,4.300736999511718750e+01
-9.000033140182495117e-01,-1.511453007196905673e-08,4.305533981323242188e+01
-9.000028967857360840e-01,-1.514109015943176928e-08,4.310330963134765625e+01
-9.000033140182495117e-01,-1.502376001383254334e-08,4.315127182006835938e+01
-9.000017046928405762e-01,-1.518620074136833864e-08,4.319924926757812500e+01
-9.000021219253540039e-01,-1.504541025099115359e-08,4.324720001220703125e+01
-9.000015258789062500e-01,-1.508925073778755177e-08,4.329516983032226562e+01
-9.000024199485778809e-01,-1.513162928290512355e-08,4.334313964843750000e+01
-9.000021815299987793e-01,-1.500247925889652834e-08,4.339110183715820312e+01
-9.000021219253540039e-01,-1.518620074136833864e-08,4.343907165527343750e+01
-9.000021219253540039e-01,-1.502866986413664563e-08,4.348703002929687500e+01
-9.000024795532226562e-01,-1.507305924519641849e-08,4.353498840332031250e+01
-9.000028967857360840e-01,-1.511689085020861967e-08,4.358296966552734375e+01
-9.000030159950256348e-01,-1.499738999655164662e-08,4.363092041015625000e+01
-9.000030755996704102e-01,-1.515637038096429023e-08,4.367889022827148438e+01
-9.000025987625122070e-01,-1.501357083100174350e-08,4.372684097290039062e+01
-9.000024795532226562e-01,-1.506722924204950687e-08,4.377479934692382812e+01
-9.000024795532226562e-01,-1.510471037136085215e-08,4.382276153564453125e+01
-9.000017046928405762e-01,-1.500229984685574891e-08,4.387070846557617188e+01
-9.000021815299987793e-01,-1.515291003784113855e-08,4.391867828369140625e+01
-9.000030755996704102e-01,-1.500339052995514066e-08,4.396664047241210938e+01
-9.000021219253540039e-01,-1.507160085623127088e-08,4.401459884643554688e+01
-9.000024199485778809e-01,-1.509124913923187705e-08,4.406258010864257812e+01
-9.000015258789062500e-01,-1.499575041918888019e-08,4.411053848266601562e+01
-9.000025987625122070e-01,-1.514109015943176928e-08,4.415851974487304688e+01
-9.000024199485778809e-01,-1.499411084182611376e-08,4.420647811889648438e+01
-9.000027179718017578e-01,-1.506541913443015801e-08,4.425444030761718750e+01
-9.000018835067749023e-01,-1.507959979107909021e-08,4.430239868164062500e+01
-9.000009894371032715e-01,-1.499592983122965961e-08,4.435034942626953125e+01
-9.000020027160644531e-01,-1.511416058974646148e-08,4.439831161499023438e+01
-9.000014066696166992e-01,-1.497901003233437223e-08,4.444625854492187500e+01
-9.000015854835510254e-01,-1.504685975817210419e-08,4.449422073364257812e+01
-9.000018835067749023e-01,-1.505413926849996642e-08,4.454217147827148438e+01
-9.000021219253540039e-01,-1.497046042686633882e-08,4.459011840820312500e+01
-9.000015258789062500e-01,-1.508852065512655827e-08,4.463808822631835938e+01
-8.999996781349182129e-01,-1.497265067484931933e-08,4.468603897094726562e+01
-9.000024795532226562e-01,-1.503103952416040556e-08,4.473400115966796875e+01
-9.000027775764465332e-01,-1.505650004673952935e-08,4.478195953369140625e+01
-9.000021815299987793e-01,-1.497519086512966169e-08,4.482991027832031250e+01
-9.000018239021301270e-01,-1.508379021686323540e-08,4.487788009643554688e+01
-9.000033140182495117e-01,-1.499011048622378439e-08,4.492583084106445312e+01
-9.000015854835510254e-01,-1.502231050665159273e-08,4.497378921508789062e+01
-9.000024199485778809e-01,-1.504995061907266063e-08,4.502175140380859375e+01
-9.000030755996704102e-01,-1.499738999655164662e-08,4.506969833374023438e+01
-9.000024795532226562e-01,-1.505977920146506221e-08,4.511766815185546875e+01
-9.000030755996704102e-01,-1.496536938816461770e-08,4.516561889648437500e+01
-9.000018835067749023e-01,-1.501812008086744754e-08,4.521358871459960938e+01
-9.000023007392883301e-01,-1.504468016833016009e-08,4.526155090332031250e+01
-9.000025987625122070e-01,-1.498210977501912566e-08,4.530950927734375000e+01
-9.000015854835510254e-01,-1.505195967865802231e-08,4.535747146606445312e+01
-9.000014066696166992e-01,-1.496245971566168009e-08,4.540541839599609375e+01
-9.000012278556823730e-01,-1.498865032090179739e-08,4.545336914062500000e+01
-9.000018835067749023e-01,-1.502412061427094159e-08,4.550133132934570312e+01
-9.000018835067749023e-01,-1.496863966110595356e-08,4.554927825927734375e+01
-9.000021219253540039e-01,-1.500339052995514066e-08,4.559724044799804688e+01
-9.000023007392883301e-01,-1.496445989346284478e-08,4.564517974853515625e+01
-9.000027179718017578e-01,-1.497700985453320754e-08,4.569313049316406250e+01
-9.000015854835510254e-01,-1.503303970196157024e-08,4.574108886718750000e+01
-9.000025987625122070e-01,-1.493808987618194806e-08,4.578903961181640625e+01
-9.000018239021301270e-01,-1.500120916375635716e-08,4.583700180053710938e+01
-9.000021219253540039e-01,-1.498355928220007627e-08,4.588494110107421875e+01
-9.000024199485778809e-01,-1.496374046894288767e-08,4.593289184570312500e+01
-9.000023007392883301e-01,-1.501794066882666812e-08,4.598083877563476562e+01
-9.000018835067749023e-01,-1.492954027071391465e-08,4.602878189086914062e+01
-9.000021815299987793e-01,-1.498974988578538614e-08,4.607672882080078125e+01
-9.000011086463928223e-01,-1.500010959887276840e-08,4.612469100952148438e+01
-9.000014066696166992e-01,-1.493535961571978987e-08,4.617264938354492188e+01
-9.000021815299987793e-01,-1.500593072023548302e-08,4.622061157226562500e+01
-9.000021815299987793e-01,-1.491680023946173606e-08,4.626855850219726562e+01
-9.000021219253540039e-01,-1.495754986535757780e-08,4.631650161743164062e+01
-9.000018835067749023e-01,-1.497773993719420105e-08,4.636445999145507812e+01
-9.000027179718017578e-01,-1.491516954388316663e-08,4.641239929199218750e+01
-9.000018835067749023e-01,-1.500903046292023646e-08,4.646036148071289062e+01
-9.000021815299987793e-01,-1.491880929904709774e-08,4.650830078125000000e+01
-9.000024199485778809e-01,-1.496919033172616764e-08,4.655625152587890625e+01
-9.000023007392883301e-01,-1.497483026469126344e-08,4.660419845581054688e+01
-9.000021219253540039e-01,-1.491279988385940669e-08,4.665214157104492188e+01
-9.000014066696166992e-01,-1.501902957556922047e-08,4.670008850097656250e+01
-9.000021219253540039e-01,-1.491006962339724851e-08,4.674803924560546875e+01
-9.000020027160644531e-01,-1.495300061549187376e-08,4.679597854614257812e+01
-9.000021815299987793e-01,-1.497100932112971350e-08,4.684395980834960938e+01
-9.000024199485778809e-01,-1.489624956718671456e-08,4.689189910888671875e+01
-9.000020027160644531e-01,-1.502485069693193509e-08,4.693986129760742188e+01
-9.000033140182495117e-01,-1.491006962339724851e-08,4.698780059814453125e+01
-9.000021219253540039e-01,-1.492244017242683185e-08,4.703573989868164062e+01
-9.000025987625122070e-01,-1.495772927739835723e-08,4.708369827270507812e+01
-9.000018835067749023e-01,-1.487041956238499552e-08,4.713164138793945312e+01
-9.000030159950256348e-01,-1.498574064839885978e-08,4.717963027954101562e+01
-9.000017046928405762e-01,-1.487569978309011276e-08,4.722756958007812500e+01
-9.000031948089599609e-01,-1.491152978871923551e-08,4.727552032470703125e+01
-9.000021219253540039e-01,-1.494409040958544210e-08,4.732345962524414062e+01
-9.000027179718017578e-01,-1.485877998419482537e-08,4.737139129638671875e+01
-9.000033140182495117e-01,-1.499848067965103837e-08,4.741938018798828125e+01
-9.000024795532226562e-01,-1.487550971290829693e-08,4.746731185913085938e+01
-9.000025987625122070e-01,-1.493462953305879637e-08,4.751527023315429688e+01
-9.000027179718017578e-01,-1.495918944272034423e-08,4.756322097778320312e+01
-9.000030755996704102e-01,-1.485368983367152396e-08,4.761117172241210938e+01
-9.000033736228942871e-01,-1.499011048622378439e-08,4.765914154052734375e+01
-9.000039100646972656e-01,-1.486823997254305141e-08,4.770708084106445312e+01
-9.000024199485778809e-01,-1.492190015994765417e-08,4.775502014160156250e+01
-9.000030755996704102e-01,-1.492825951743270707e-08,4.780295944213867188e+01
-9.000023007392883301e-01,-1.483658973455703745e-08,4.785089874267578125e+01
-9.000030159950256348e-01,-1.498464996529946802e-08,4.789884948730468750e+01
-9.000030755996704102e-01,-1.484405043328251850e-08,4.794678115844726562e+01
-9.000024795532226562e-01,-1.489315959446457782e-08,4.799477005004882812e+01
-9.000033140182495117e-01,-1.491626022698255838e-08,4.804272079467773438e+01
-9.000024795532226562e-01,-1.481966993566175006e-08,4.809069061279296875e+01
-9.000025987625122070e-01,-1.498647073105985328e-08,4.813867187500000000e+01
-9.000008702278137207e-01,-1.481766975786058538e-08,4.818661117553710938e+01
-9.000018835067749023e-01,-1.489642986740591368e-08,4.823460006713867188e+01
-9.000024199485778809e-01,-1.490024992278904392e-08,4.828253936767578125e+01
-9.000024199485778809e-01,-1.483712974703621512e-08,4.833049011230468750e+01
-9.000033140182495117e-01,-1.497700985453320754e-08,4.837845993041992188e+01
-9.000025987625122070e-01,-1.481711997541879100e-08,4.842639160156250000e+01
-9.000021219253540039e-01,-1.490280077121042268e-08,4.847434997558593750e+01
-9.000027775764465332e-01,-1.490789003355530440e-08,4.852228927612304688e+01
-9.000020027160644531e-01,-1.482075973058272211e-08,4.857024002075195312e+01
-9.000021815299987793e-01,-1.495135926177226793e-08,4.861820983886718750e+01
-9.000021219253540039e-01,-1.480747968685136584e-08,4.866613006591796875e+01
-9.000015258789062500e-01,-1.487387990550814720e-08,4.871408843994140625e+01
-9.000024199485778809e-01,-1.489206979954360577e-08,4.876202011108398438e+01
-9.000015854835510254e-01,-1.480620959171119466e-08,4.880998992919921875e+01
-9.000021219253540039e-01,-1.492061940666644659e-08,4.885794830322265625e+01
-9.000018239021301270e-01,-1.480839006973155847e-08,4.890589904785156250e+01
-9.000021219253540039e-01,-1.488224032897278448e-08,4.895386123657226562e+01
-9.000021219253540039e-01,-1.486095957403676948e-08,4.900181961059570312e+01
-9.000024199485778809e-01,-1.480620959171119466e-08,4.904980087280273438e+01
-9.000021815299987793e-01,-1.491189038915763376e-08,4.909774017333984375e+01
-9.000027775764465332e-01,-1.480912015239255197e-08,4.914569854736328125e+01
-9.000027775764465332e-01,-1.485441014636990076e-08,4.919364166259765625e+01
-9.000018835067749023e-01,-1.486460021737912029e-08,4.924158859252929688e+01
-9.000024199485778809e-01,-1.482384970330485885e-08,4.928955841064453125e+01
-9.000023007392883301e-01,-1.488696987905768765e-08,4.933750152587890625e+01
-9.000027179718017578e-01,-1.482094003080192124e-08,4.938547897338867188e+01
-9.000024199485778809e-01,-1.484276968000131092e-08,4.943342971801757812e+01
-9.000031948089599609e-01,-1.487132994526518814e-08,4.948139190673828125e+01
-9.000027775764465332e-01,-1.481676026315881245e-08,4.952936172485351562e+01
-9.000021219253540039e-01,-1.486877998502222908e-08,4.957728958129882812e+01
-9.000012874603271484e-01,-1.479419964312000957e-08,4.962525939941406250e+01
-9.000037908554077148e-01,-1.482603995128783936e-08,4.967322158813476562e+01
-9.000024795532226562e-01,-1.485441014636990076e-08,4.972116851806640625e+01
-9.000024199485778809e-01,-1.479839006890415476e-08,4.976913833618164062e+01
-9.000028967857360840e-01,-1.485677980639366069e-08,4.981710052490234375e+01
-9.000030755996704102e-01,-1.480384970165005143e-08,4.986508941650390625e+01
-9.000015258789062500e-01,-1.482185041368211387e-08,4.991304016113281250e+01
-9.000027775764465332e-01,-1.485786960131463275e-08,4.996099853515625000e+01
-9.000024199485778809e-01,-1.478966016321692223e-08,5.000896835327148438e+01
-9.000030755996704102e-01,-1.483021971893094815e-08,5.005688858032226562e+01
-9.000018835067749023e-01,-1.480403000186925055e-08,5.010488891601562500e+01
-9.000027775764465332e-01,-1.480565980926940028e-08,5.015282821655273438e+01
-9.000021219253540039e-01,-1.486005007933499655e-08,5.020077133178710938e+01
-9.000018835067749023e-01,-1.477437994168440127e-08,5.024874114990234375e+01
-9.000021219253540039e-01,-1.482912992400997609e-08,5.029671096801757812e+01
-9.000018835067749023e-01,-1.481348999021747659e-08,5.034468078613281250e+01
-9.000030755996704102e-01,-1.478475031291281994e-08,5.039263153076171875e+01
-9.000021815299987793e-01,-1.485641032417106544e-08,5.044060897827148438e+01
-9.000015854835510254e-01,-1.476673983091814080e-08,5.048860168457031250e+01
-9.000031948089599609e-01,-1.483294997939310633e-08,5.053657150268554688e+01
-9.000015258789062500e-01,-1.481367029043667571e-08,5.058456039428710938e+01
-9.000018835067749023e-01,-1.476874000871930548e-08,5.063248825073242188e+01
-9.000005722045898438e-01,-1.484604972290526348e-08,5.068046188354492188e+01
-9.000024199485778809e-01,-1.475236999226581247e-08,5.072845077514648438e+01
-9.000018239021301270e-01,-1.479475031374022365e-08,5.077640914916992188e+01
-9.000014066696166992e-01,-1.479492972578100307e-08,5.082440948486328125e+01
-9.000014066696166992e-01,-1.475272970452579102e-08,5.087237167358398438e+01
-9.000024199485778809e-01,-1.483330969165308488e-08,5.092034149169921875e+01
-9.000024795532226562e-01,-1.474144983859559943e-08,5.096834945678710938e+01
-9.000015854835510254e-01,-1.477855970932751006e-08,5.101631164550781250e+01
-9.000018835067749023e-01,-1.479110967039787283e-08,5.106431961059570312e+01
-9.000018835067749023e-01,-1.473982003119544970e-08,5.111227035522460938e+01
-9.000021815299987793e-01,-1.481876044095997713e-08,5.116027069091796875e+01
-9.000027775764465332e-01,-1.471962995935882645e-08,5.120827102661132812e+01
-9.000015854835510254e-01,-1.477128996896226454e-08,5.125624847412109375e+01
-9.000018239021301270e-01,-1.477346955880420865e-08,5.130422973632812500e+01
-9.000012874603271484e-01,-1.474109012633562088e-08,5.135216903686523438e+01
-9.000021815299987793e-01,-1.482712974620881141e-08,5.140016174316406250e+01
-9.000018835067749023e-01,-1.472290023230016232e-08,5.144815826416015625e+01
-9.000024199485778809e-01,-1.477400957128338632e-08,5.149612045288085938e+01
-9.000015258789062500e-01,-1.477473965394437982e-08,5.154413986206054688e+01
-9.000008702278137207e-01,-1.472163013715999114e-08,5.159212112426757812e+01
-9.000021219253540039e-01,-1.481440037309766922e-08,5.164009094238281250e+01
-9.000033736228942871e-01,-1.473163013798739485e-08,5.168806838989257812e+01
-9.000018835067749023e-01,-1.476128019817224413e-08,5.173606109619140625e+01
-9.000027775764465332e-01,-1.477346955880420865e-08,5.178403854370117188e+01
-9.000024199485778809e-01,-1.472345001474195669e-08,5.183201980590820312e+01
-9.000021219253540039e-01,-1.482330969082568117e-08,5.187998962402343750e+01
-9.000024199485778809e-01,-1.472054034223901908e-08,5.192800140380859375e+01
-9.000014066696166992e-01,-1.475946032059027857e-08,5.197597122192382812e+01
-9.000025987625122070e-01,-1.475019040242386836e-08,5.202397918701171875e+01
-9.000009894371032715e-01,-1.470179977758334644e-08,5.207196044921875000e+01
-9.000012278556823730e-01,-1.483348999187228401e-08,5.211994934082031250e+01
-9.000009894371032715e-01,-1.470580013318567580e-08,5.216793060302734375e+01
-9.000018239021301270e-01,-1.475019040242386836e-08,5.221591949462890625e+01
-9.000015258789062500e-01,-1.474673005930071668e-08,5.226390838623046875e+01
-9.000036716461181641e-01,-1.469997990000138088e-08,5.231187820434570312e+01
-9.000017046928405762e-01,-1.481603018049781895e-08,5.235985946655273438e+01
-9.000020027160644531e-01,-1.470198007780254557e-08,5.240785980224609375e+01
-9.000021219253540039e-01,-1.474000033141464883e-08,5.245582962036132812e+01
-9.000030755996704102e-01,-1.474727007177989435e-08,5.250382995605468750e+01
-9.000027775764465332e-01,-1.469306987189611391e-08,5.255183029174804688e+01
-9.000015258789062500e-01,-1.480457001434842823e-08,5.259981155395507812e+01
-9.000018835067749023e-01,-1.469889010508040883e-08,5.264780044555664062e+01
-9.000008702278137207e-01,-1.471707999911586739e-08,5.269580841064453125e+01
-9.000018239021301270e-01,-1.474491018171875112e-08,5.274380874633789062e+01
-9.000012278556823730e-01,-1.467688015566182003e-08,5.279180145263671875e+01
-9.000021815299987793e-01,-1.480839006973155847e-08,5.283982086181640625e+01
-9.000018835067749023e-01,-1.467051014003573073e-08,5.288784027099609375e+01
-9.000025987625122070e-01,-1.471672028685588884e-08,5.293585968017578125e+01
-9.000030755996704102e-01,-1.476019040325127207e-08,5.298387908935546875e+01
-9.000021219253540039e-01,-1.465232024600027216e-08,5.303189849853515625e+01
-9.000021815299987793e-01,-1.480966993483434635e-08,5.307992172241210938e+01
-9.000028967857360840e-01,-1.467433019541886097e-08,5.312792968750000000e+01
-9.000012874603271484e-01,-1.470634991562747018e-08,5.317594146728515625e+01
-9.000014066696166992e-01,-1.474691035951991580e-08,5.322396087646484375e+01
-9.000015258789062500e-01,-1.464140986229267583e-08,5.327198028564453125e+01
-9.000014066696166992e-01,-1.478674960253556492e-08,5.331999969482421875e+01
-9.000027179718017578e-01,-1.467652044340184148e-08,5.336801147460937500e+01
-9.000024199485778809e-01,-1.468888033429038842e-08,5.341601181030273438e+01
-9.000018835067749023e-01,-1.473691035869251209e-08,5.346401977539062500e+01
-9.000018835067749023e-01,-1.464305032783386196e-08,5.351202011108398438e+01
-9.000015258789062500e-01,-1.477074018652047016e-08,5.356003952026367188e+01
-9.000015854835510254e-01,-1.465432042380143685e-08,5.360802841186523438e+01
-9.000036120414733887e-01,-1.469471033743730004e-08,5.365605926513671875e+01
-9.000015854835510254e-01,-1.470762001076764136e-08,5.370407867431640625e+01
-9.000024199485778809e-01,-1.463086007902347774e-08,5.375210189819335938e+01
-9.000012278556823730e-01,-1.476819022627751110e-08,5.380010986328125000e+01
-9.000012874603271484e-01,-1.465341004092124422e-08,5.384812164306640625e+01
-9.000012278556823730e-01,-1.467978982816475764e-08,5.389614105224609375e+01
-9.000011086463928223e-01,-1.471908017691703208e-08,5.394417190551757812e+01
-9.000011086463928223e-01,-1.462267018581542288e-08,5.399219894409179688e+01
-9.000012278556823730e-01,-1.473762978321246919e-08,5.404019927978515625e+01
-9.000008702278137207e-01,-1.462612964076015487e-08,5.408821868896484375e+01
-9.000018835067749023e-01,-1.465541998868502560e-08,5.413623809814453125e+01
-9.000012874603271484e-01,-1.469233978923512041e-08,5.418426132202148438e+01
-9.000015854835510254e-01,-1.461029963678583954e-08,5.423226165771484375e+01
-9.000015854835510254e-01,-1.472745037034428606e-08,5.428026962280273438e+01
-9.000015854835510254e-01,-1.462739973590032605e-08,5.432830047607421875e+01
-9.000018835067749023e-01,-1.464959975550073068e-08,5.437628936767578125e+01
-9.000018835067749023e-01,-1.468924981651298367e-08,5.442430877685546875e+01
-9.000014066696166992e-01,-1.460903042982408806e-08,5.447232055664062500e+01
-9.000015854835510254e-01,-1.471271016129094278e-08,5.452030944824218750e+01
-9.000015854835510254e-01,-1.460866982938568981e-08,5.456834030151367188e+01
-9.000012874603271484e-01,-1.465122956290088041e-08,5.461632919311523438e+01
-9.000015854835510254e-01,-1.466487020707063493e-08,5.466434860229492188e+01
-9.000015258789062500e-01,-1.459338960785316885e-08,5.471236038208007812e+01
-9.000024795532226562e-01,-1.469762000994023765e-08,5.476036071777343750e+01
-9.000024795532226562e-01,-1.460720966406370280e-08,5.480839157104492188e+01
-9.000028967857360840e-01,-1.464504961745660694e-08,5.485638046264648438e+01
-9.000024795532226562e-01,-1.466942034511475867e-08,5.490438842773437500e+01
-9.000018835067749023e-01,-1.458774967488807306e-08,5.495238876342773438e+01
-9.000015258789062500e-01,-1.469670962706004502e-08,5.500038909912109375e+01
-9.000012874603271484e-01,-1.460394027930078664e-08,5.504840850830078125e+01
-9.000020027160644531e-01,-1.465140986312007954e-08,5.509640121459960938e+01
-9.000027775764465332e-01,-1.463668031220777266e-08,5.514440917968750000e+01
-9.000027179718017578e-01,-1.462321996825721726e-08,5.519242095947265625e+01
-9.000025987625122070e-01,-1.466032983898912789e-08,5.524039077758789062e+01
-9.000024199485778809e-01,-1.460085030657864991e-08,5.528836822509765625e+01
-9.000027775764465332e-01,-1.465013976797990836e-08,5.533634185791015625e+01
-9.000021219253540039e-01,-1.461793974755210002e-08,5.538433074951171875e+01
-9.000025987625122070e-01,-1.462286025599723871e-08,5.543231964111328125e+01
-9.000021219253540039e-01,-1.465178023352109449e-08,5.548028945922851562e+01
-9.000015854835510254e-01,-1.457755960387885352e-08,5.552830123901367188e+01
-9.000017046928405762e-01,-1.462630994097935400e-08,5.557627868652343750e+01
-9.000015854835510254e-01,-1.462031029575427965e-08,5.562427139282226562e+01
-9.000005125999450684e-01,-1.460666965158452513e-08,5.567226028442382812e+01
-9.000012874603271484e-01,-1.464978005571992981e-08,5.572024917602539062e+01
-9.000015854835510254e-01,-1.457502030177693086e-08,5.576826858520507812e+01
-9.000023007392883301e-01,-1.462158039089445083e-08,5.581628036499023438e+01
-9.000015854835510254e-01,-1.460593956892353162e-08,5.586428070068359375e+01
-9.000012874603271484e-01,-1.459010956494921629e-08,5.591230010986328125e+01
-9.000009894371032715e-01,-1.463631971176937441e-08,5.596026992797851562e+01
-9.000020027160644531e-01,-1.457792997427986847e-08,5.600827026367187500e+01
-9.000024795532226562e-01,-1.461430976235078560e-08,5.605625915527343750e+01
-9.000014066696166992e-01,-1.459957044147586203e-08,5.610425949096679688e+01
-9.000018835067749023e-01,-1.458701959222707956e-08,5.615224075317382812e+01
-9.000005125999450684e-01,-1.462758980608214188e-08,5.620021057128906250e+01
-9.000023007392883301e-01,-1.455809961470322378e-08,5.624822998046875000e+01
-9.000018239021301270e-01,-1.460647958140270930e-08,5.629624176025390625e+01
-9.000012874603271484e-01,-1.458757026284729363e-08,5.634421920776367188e+01
-9.000014066696166992e-01,-1.456592002568868338e-08,5.639225006103515625e+01
-9.000006914138793945e-01,-1.463213017416364892e-08,5.644026184082031250e+01
-9.000014066696166992e-01,-1.454409037648929370e-08,5.648828125000000000e+01
-9.000018835067749023e-01,-1.458757026284729363e-08,5.653630065917968750e+01
-9.000018835067749023e-01,-1.458719989244627868e-08,5.658432006835937500e+01
-9.000012278556823730e-01,-1.457174025887297830e-08,5.663233184814453125e+01
-9.000002145767211914e-01,-1.460720966406370280e-08,5.668032836914062500e+01
-9.000002741813659668e-01,-1.454973030945438950e-08,5.672835159301757812e+01
-9.000018239021301270e-01,-1.459066023556943037e-08,5.677634811401367188e+01
-9.000015854835510254e-01,-1.457538001403690942e-08,5.682434844970703125e+01
-9.000014066696166992e-01,-1.455700981978225172e-08,5.687237930297851562e+01
-9.000015258789062500e-01,-1.460321019663979314e-08,5.692039108276367188e+01
-9.000012874603271484e-01,-1.454700004899223131e-08,5.696841049194335938e+01
-9.000012874603271484e-01,-1.459175003049040242e-08,5.701641845703125000e+01
-9.000005125999450684e-01,-1.455172959907713448e-08,5.706441879272460938e+01
-9.000017046928405762e-01,-1.455445985953929267e-08,5.711241912841796875e+01
-9.000018835067749023e-01,-1.460156973109860701e-08,5.716040039062500000e+01
-9.000005125999450684e-01,-1.452372000443347133e-08,5.720841979980468750e+01
-9.000008106231689453e-01,-1.458210974192297726e-08,5.725640106201171875e+01
-9.000008106231689453e-01,-1.456882969819162099e-08,5.730440139770507812e+01
-9.000012278556823730e-01,-1.455028009189618388e-08,5.735242843627929688e+01
-9.000014066696166992e-01,-1.459847975837647027e-08,5.740044021606445312e+01
-9.000014066696166992e-01,-1.452499009957364251e-08,5.744845962524414062e+01
-9.000008106231689453e-01,-1.458064957660099026e-08,5.749647903442382812e+01
-9.000005722045898438e-01,-1.455028009189618388e-08,5.754447937011718750e+01
-9.000008702278137207e-01,-1.454827991409501919e-08,5.759249877929687500e+01
-9.000005722045898438e-01,-1.457884035716006110e-08,5.764048004150390625e+01
-9.000017046928405762e-01,-1.452463038731366396e-08,5.768849182128906250e+01
-9.000005722045898438e-01,-1.456992038129101275e-08,5.773651885986328125e+01
-9.000018835067749023e-01,-1.454719011917404714e-08,5.778451919555664062e+01
-9.000005722045898438e-01,-1.452553988201543689e-08,5.783253097534179688e+01
-9.000002145767211914e-01,-1.457573972629688797e-08,5.788053894042968750e+01
-9.000002145767211914e-01,-1.451062026092131418e-08,5.792855072021484375e+01
-9.000009894371032715e-01,-1.456446963032931308e-08,5.797655105590820312e+01
-9.000002145767211914e-01,-1.452298992177247783e-08,5.802455139160156250e+01
-9.000015854835510254e-01,-1.451971964883114197e-08,5.807257080078125000e+01
-9.000005125999450684e-01,-1.457320042419496531e-08,5.812057113647460938e+01
-9.000011086463928223e-01,-1.449607012204978673e-08,5.816859054565429688e+01
-9.000015258789062500e-01,-1.455846021514162203e-08,5.821659851074218750e+01
-9.000018239021301270e-01,-1.452827014247759507e-08,5.826461029052734375e+01
-9.000015258789062500e-01,-1.452881015495677275e-08,5.831262969970703125e+01
-9.000005125999450684e-01,-1.454518017141026576e-08,5.836064147949218750e+01
-9.000008702278137207e-01,-1.449680020471078024e-08,5.840864944458007812e+01
-9.000012278556823730e-01,-1.454936970901599125e-08,5.845666122436523438e+01
-9.000015258789062500e-01,-1.452518016975545834e-08,5.850466918945312500e+01
-9.000008702278137207e-01,-1.453063003253873831e-08,5.855266952514648438e+01
-9.000005722045898438e-01,-1.454827991409501919e-08,5.860068893432617188e+01
-9.000015258789062500e-01,-1.448006958781888898e-08,5.864870071411132812e+01
-9.000005722045898438e-01,-1.454391007627009458e-08,5.869670104980468750e+01
-9.000018239021301270e-01,-1.449788999963175229e-08,5.874470901489257812e+01
-9.000018239021301270e-01,-1.452008024926954022e-08,5.879270172119140625e+01
-9.000012278556823730e-01,-1.453081033275793743e-08,5.884072113037109375e+01
-9.000014066696166992e-01,-1.447406017263119793e-08,5.888872146606445312e+01
-9.000018835067749023e-01,-1.452589959427541544e-08,5.893672180175781250e+01
-9.000008106231689453e-01,-1.449079967130728619e-08,5.898474121093750000e+01
-9.000021219253540039e-01,-1.451244013850327974e-08,5.903273010253906250e+01
-9.000021219253540039e-01,-1.452572018223463601e-08,5.908074951171875000e+01
-9.000021219253540039e-01,-1.447951980537709460e-08,5.912876129150390625e+01
-8.999999761581420898e-01,-1.452317999195429365e-08,5.917675018310546875e+01
-9.000012278556823730e-01,-1.448916009394451976e-08,5.922475814819335938e+01
-9.000018835067749023e-01,-1.450770970023995687e-08,5.927275085449218750e+01
-9.000015854835510254e-01,-1.452244990929330015e-08,5.932075881958007812e+01
-9.000006914138793945e-01,-1.446479025446478772e-08,5.936877059936523438e+01
-9.000012874603271484e-01,-1.451190012602410206e-08,5.941677093505859375e+01
-9.000015854835510254e-01,-1.446623976164573833e-08,5.946477890014648438e+01
-9.000009894371032715e-01,-1.449079967130728619e-08,5.951277160644531250e+01
-9.000012874603271484e-01,-1.451463038648626025e-08,5.956077957153320312e+01
-9.000012278556823730e-01,-1.445823993861949930e-08,5.960879135131835938e+01
-9.000012278556823730e-01,-1.449843978207354667e-08,5.965678024291992188e+01
-8.999999761581420898e-01,-1.445441988323636906e-08,5.970478820800781250e+01
-9.000009894371032715e-01,-1.447751962757592992e-08,5.975279998779296875e+01
-9.000008702278137207e-01,-1.449388964402942293e-08,5.980081176757812500e+01
-9.000005722045898438e-01,-1.445059982785323882e-08,5.984881973266601562e+01
-9.000008702278137207e-01,-1.449643960427238198e-08,5.989680862426757812e+01
-9.000008106231689453e-01,-1.444278030504619892e-08,5.994480895996093750e+01
-9.000009894371032715e-01,-1.446769992696772533e-08,5.999280166625976562e+01
